-1.499422099999999958e+01
-5.313651113864811926e+00
2.759698081061203290e+00
8.272219931266938886e+00
1.095207622812493398e+01
1.107863028812726292e+01
9.292173397818421776e+00
6.391711783898236021e+00
3.158227200053370876e+00
2.268041739531720946e-01
-1.983339501113150050e+00
-3.284051616371143290e+00
-3.690289822304466671e+00
-3.364940715332265686e+00
-2.552835041319405196e+00
-1.517957799514716655e+00
-4.936815781426190375e-01
3.489061100894379486e-01
9.138957993924271550e-01
1.177348572015199268e+00
1.172705398493965712e+00
9.702398796677719206e-01
6.555854113844115094e-01
3.112209282782044673e-01
3.290565003643192155e-03
-2.253883172601394980e-01
-3.565460073296197741e-01
-3.931987856082597155e-01
-3.536200746919500593e-01
-2.642847910303642855e-01
-1.532504750280218597e-01
-4.498531649769699214e-02
4.285417145666702704e-02
1.006542661946690231e-01
1.263910843456941824e-01
1.240069172571764411e-01
1.011948409887253875e-01
6.712095036390980374e-02
3.048695498017601688e-02
-1.826271799645614452e-03
-2.545455313254500751e-02
-3.863879336375931894e-02
-4.184833348004610154e-02
-3.712372670042247275e-02
-2.732319627479324817e-02
-1.542562676983319156e-02
-3.993729270545667148e-03
5.153024711011477098e-03
1.105456080412252351e-02
1.355040078205865806e-02
1.309965738319784564e-02
1.054252927464923231e-02
6.858936152953293633e-03
2.965998465452382004e-03
-4.213353236043448219e-04
-2.859226962829417192e-03
-4.180007623394934105e-03
-4.449055742647124723e-03
-3.893299713342371522e-03
-2.820833912147764026e-03
-1.547593698782656190e-03
-3.417041864139050574e-04
6.096330842046931812e-04
1.210937150639080240e-03
1.450879883697272664e-03
1.382397660541172810e-03
1.097051074966411046e-03
6.994750322119101891e-04
2.862320060601060098e-04
-6.848384039330777462e-05
-3.196410632831724963e-04
-4.514550068741424432e-04
-4.724864628257542188e-04
-4.078788785174242539e-04
-2.907932130622371976e-04
-1.547020300654628117e-04
-2.762793715697845593e-05
7.119974335773656543e-05
1.323294208190685969e-04
1.551571036374426815e-04
1.457357692946856524e-04
1.140227177969861157e-04
7.117773861224490630e-05
2.735746293256031993e-05
-9.748369287556340340e-06
-3.558260077622331759e-05
-4.868216682683801469e-05
-5.012446700135261065e-05
-4.268607214568455885e-05
-2.993110425529049197e-05
-1.540223237581624067e-05
-2.024988514433811880e-06
8.228788535080804734e-06
1.442842403465435872e-05
1.657250607175250729e-05
1.534827718962785832e-05
1.183651228820252027e-05
7.226098426778399722e-06
2.584242079330395401e-06
-1.293114489476451687e-06
-3.946069875915455733e-06
-5.241720064916420274e-06
-5.311962478410221203e-06
-4.462479288370323107e-06
-3.075816706822977726e-06
-1.526539372479906430e-06
-1.197297676335104228e-07
9.427803657945020048e-07
1.569903202563003494e-06
1.768051004790732145e-06
1.614777618357422175e-06
1.227177814755855005e-06
7.317662570453925175e-07
2.405645915083634025e-07
-1.641539872964584689e-07
-4.361174803306097518e-07
-5.635772854227410873e-07
-5.623542766051035585e-07
-4.660082575737766829e-07
-3.155447501167741895e-07
-1.505259449128124301e-07
-2.730486949493984676e-09
1.072224860100011644e-07
1.704803807648601938e-07
1.884098931385587744e-07
1.697164055975935193e-07
1.270644988505892270e-07
7.390242968289981623e-08
2.197664464111048078e-08
-2.022069068385032281e-08
-4.804948975151728625e-08
-6.051084895180211785e-08
-5.947284832398246291e-08
-4.861044031052329538e-08
-3.231344656514647323e-08
-1.475625801756055746e-08
7.547864302630534184e-10
1.211755215200442908e-08
1.847876490195346550e-08
2.005514245231521881e-08
1.781929188765903537e-08
1.313873079476498197e-08
7.441445321785727039e-09
1.957867068975528083e-09
-2.436747149355815115e-09
-5.278804737752496128e-09
-6.488360101707059815e-09
-6.283248306979996991e-09
-5.064935866187160693e-09
-3.302791898946153404e-09
-1.436830003389437173e-09
1.893602633326459360e-10
1.361934354082362776e-09
1.999457830098078900e-09
2.132408724458608312e-09
1.868999287181557424e-09
1.356663443670114111e-09
7.468694930733320039e-10
1.683680200980051895e-10
-2.887710010110793390e-10
-5.784191284332341060e-10
-6.948292996491276162e-10
-6.631450767831286501e-10
-5.271271182990024463e-10
-3.369011239109453706e-10
-1.388010455522670880e-10
3.151173028682718432e-11
1.523345225337959782e-10
2.159887853249364859e-10
2.264884725881356338e-10
1.958283266960620039e-10
1.398797150521519633e-10
7.469226938921691314e-11
1.372381863320554968e-11
-3.377185932563954941e-11
-6.322592970811913678e-11
-7.431564903963606241e-11
-6.991863008004011584e-11
-5.479499356780158047e-11
-3.429159225869528886e-11
-1.328249922211012897e-11
4.535659899527781677e-12
1.696590702756447220e-11
2.329509059751431841e-11
2.403033732603832820e-11
2.049671127180388654e-11
1.440033604883395822e-11
7.440076255273691001e-12
1.021095964734268808e-12
-3.907496959282552492e-12
-6.895527304787574224e-12
-7.938839773656512069e-12
-7.364403963427615069e-12
-5.689001161628973925e-12
-3.482323045155576143e-12
-1.256573012236567096e-12
6.055625355122092041e-13
1.882293394440403178e-12
2.508665334505093826e-12
2.546934783852629757e-12
2.143032290418965402e-12
1.480109102456758455e-12
7.378067154556458624e-13
6.267866827767611442e-14
-4.481060045376420370e-13
-7.504542579481820384e-13
-8.470759609555841779e-13
-7.748935284760810793e-13
-5.899083628199252502e-13
-3.527516462366928607e-13
-1.171943613615980058e-13
7.720041577927299787e-14
2.081095352172935139e-13
2.697700731469135436e-13
2.696652780229111515e-13
2.238213840774479935e-13
1.518735317037355331e-13
7.279802563535526128e-14
1.862528380209584772e-15
-5.100387960201060378e-14
-8.151215122714668735e-14
-9.027939479953396918e-14
-8.145255535367865249e-14
-6.108974624959098649e-14
-3.563675607146099445e-14
-1.073262285379604751e-14
9.538300574274615867e-15
2.293657671131189842e-14
2.896958122421556367e-14
2.852236657313305523e-14
2.335038655430696065e-14
1.555597718040105739e-14
7.141653040354314352e-15
-3.038776972088556382e-16
-5.768089907535305306e-15
-8.837146129156110862e-15
-9.610962081149357620e-15
-8.553093997059306781e-15
-6.317817153669995796e-15
-3.589654599822599602e-15
-9.593636122693970381e-16
1.152022333468971957e-15
2.520659969379324069e-15
3.106777700575930375e-15
3.013717420292067922e-15
2.433303425403404231e-15
1.590353916870665685e-15
6.959745456997214145e-16
-8.471535294731082895e-17
-6.486871830545179503e-16
-9.563958042258697767e-16
-1.022037182717302043e-15
-8.972104064763499942e-16
-6.524663350177157443e-16
-3.604221019382687780e-16
-8.290135287765364090e-17
1.367606830191748301e-16
2.762799735881264616e-16
3.327495328915336259e-16
3.181106032025284076e-16
2.532776561058864265e-16
1.622631940838007627e-16
6.729951396975277806e-17
-1.447305185480175564e-17
-7.259536365361915172e-17
-1.033329045033833548e-16
-1.085666843649171127e-16
-9.401856210843344261e-17
-6.728468181708018151e-17
-3.606051213438075150e-17
-6.809066197738831071e-18
1.601653903616125956e-17
3.020791535048002994e-17
3.559440722599490008e-17
3.354391146705736165e-17
2.633195977965595056e-17
1.652028433445096515e-17
6.447875282851565756e-18
-2.108250432394270748e-18
-8.088982404490258196e-18
-1.114679545926165260e-17
-1.152029998546105032e-17
-9.841830499347243049e-18
-6.928082832119177322e-18
-3.593725451345285224e-18
-5.136634058967582664e-19
1.855279095798206667e-18
3.295366055077259450e-18
3.802935454281510391e-18
3.533536681013503592e-18
2.734266758625039423e-18
1.678106780059732504e-18
6.108842250920246283e-19
-2.834099442592610970e-19
-8.978204228516176708e-19
-1.200613250212297831e-18
-1.221165539703868937e-18
-1.029140863008964160e-18
-7.122247766823501815e-19
-3.565722922381414785e-19
-3.258276227886761045e-20
2.129643703972162498e-19
3.587268986550610554e-19
4.058290770637639931e-19
3.718479214414407155e-19
2.835658685626835242e-19
1.700395158153287292e-19
5.707885793282773765e-20
-3.629159765054702519e-20
-9.930290161694746453e-20
-1.291296254413992923e-19
-1.293105633204201107e-19
-1.074986549209905795e-19
-7.309585469490145624e-20
-3.520416581709777446e-20
-1.158635043670660099e-21
2.425955230617904668e-20
3.897259716929711962e-20
4.325805207867703711e-20
3.909125210006443156e-20
2.937003641792573608e-20
1.718384511505827201e-20
5.239735190726896088e-21
-4.497941062142243449e-21
-1.094842070397308688e-20
-1.386894163877313731e-20
-1.367874844897987965e-20
-1.121636020565620485e-20
-7.488592843037902321e-21
-3.456067847778196613e-21
1.178469186281451911e-22
2.745467699456171418e-21
4.226109825733017545e-21
4.605761993367548134e-21
4.105348047079326789e-21
3.037892872909154809e-21
1.731526448012007456e-21
4.698802763260916445e-22
-5.445159566894579530e-22
-1.203586608881902737e-21
-1.487571378878002500e-21
-1.445489199723575889e-21
-1.168992663187596048e-21
-7.657633267951032245e-22
-3.370821155788312181e-22
3.770064923523628615e-23
3.089481821245401117e-22
4.574601364280580230e-22
4.898426220205458438e-22
4.306984856322197737e-22
3.137874108712914262e-22
1.739231060985801007e-22
4.079170968835963588e-23
-6.475742212090573972e-23
-1.319598321290535136e-22
-1.593490306354654316e-22
-1.525955170712916666e-22
-1.216946332857485169e-22
-7.814928311537614996e-23
-3.262698372961725480e-23
6.634055721164334204e-24
3.459344992061615495e-23
4.943524902965516502e-23
5.204041780458408353e-23
4.513833148395167900e-23
3.236448537868204009e-23
1.740864674155460827e-23
3.374579384803699456e-24
-7.594830378238894934e-24
-1.443221188021281998e-23
-1.704810492160638864e-23
-1.609268593913487288e-23
-1.265372293101120863e-23
-7.958549082432978724e-24
-3.129593082513902161e-24
9.789245981115931813e-25
3.856451105491856708e-24
5.333677328046504317e-24
5.522828042876202783e-24
4.725647226373498603e-24
3.333067632793919346e-24
1.735747510865176905e-24
2.578411610929083555e-25
-8.807783203310039566e-25
-1.574807029947738707e-24
-1.821687668475626379e-24
-1.695413505330826095e-24
-1.314130093600175680e-24
-8.086407225431453315e-25
-2.969264744537818854e-25
1.325536598072609075e-25
4.282240158851539865e-25
5.745859368956169812e-25
5.854976259749461928e-25
4.942134372381230710e-25
3.427129820329343368e-25
1.723151288358882453e-25
1.683682137425851203e-26
-1.012018039242877536e-25
-1.714714977010559993e-25
-1.944272710760926309e-25
-1.784360895874948884e-25
-1.363062386790966100e-25
-8.196245552616657023e-26
-2.779332743393175113e-26
1.705309598811344549e-26
4.738197632151179430e-26
6.180872836085743839e-26
6.200645687256979255e-26
5.162950798556237395e-26
3.517976994400017609e-26
1.702296738417742930e-26
6.830232264137800437e-28
-1.153782446088485636e-26
-1.863310848772144181e-26
-2.072710498380713809e-26
-1.876067380174973830e-26
-1.411993680507562969e-26
-8.285628307761840644e-27
-2.557270332723306208e-27
2.120408926912033406e-27
5.225853617083326362e-27
6.639517547936803539e-27
6.559959402966369596e-27
5.387697352334460187e-27
3.604890867047692344e-27
1.672351056055076847e-27
-4.313281394722012961e-29
-1.306674233868557042e-27
-2.020966439637559794e-27
-2.207138672742153141e-27
-1.970473775010634558e-27
-1.460729024543390659e-27
-8.351931062095749797e-28
-2.300398490852350185e-28
2.573099377135213969e-28
5.746781671775376726e-28
7.122587925426178398e-28
6.932999803556359609e-28
5.615914965907827846e-28
3.687089154428823907e-28
1.632425278451310808e-28
-1.667543181905531092e-29
-1.471318625945694924e-28
-2.188058701015606995e-28
-2.347686286534603602e-28
-2.067503582997674980e-28
-1.509052629032870256e-28
-8.392330240789105821e-29
-2.005879701093103470e-29
3.065747225224873339e-29
6.302597375455815070e-29
7.630869229994194214e-29
7.319803765225440774e-29
5.847079839605144173e-29
3.763721594666524324e-29
1.581571596827872189e-29
-3.034214059622479742e-30
-1.648363385078696474e-29
-2.364968812246910888e-29
-2.494472337369292593e-29
-2.167061377057835318e-29
-1.556726412593443246e-29
-8.403792280906997467e-30
-1.670711673403946612e-30
3.600822059848418439e-30
6.894956555510371279e-30
8.165133420991356125e-30
7.720357448648824561e-30
6.080598348867142896e-30
3.833865794765745230e-30
1.518780604527589473e-30
-4.540366337106766203e-31
-1.838478733709330652e-30
-2.552081131663587660e-30
-2.647604178838411931e-30
-2.269031081103069731e-30
-1.603488478219564334e-30
-8.383062423137090103e-31
-1.291721025890196730e-31
4.180898406316727264e-31
7.525553157653766336e-31
8.726134606618790420e-31
8.134590729751455290e-31
6.315801664442349932e-31
3.896522904170350485e-31
1.442978485184434979e-31
-6.195471110269909147e-32
-2.042357175976749816e-31
-2.749782018662849562e-31
-2.807175801726511659e-31
-2.373274142270532688e-31
-1.649051514985186460e-31
-8.326653141303425428e-32
-8.655569468562558171e-33
4.808657112527308191e-32
8.196116728123508394e-32
9.314604061460878360e-32
8.562371236975461541e-32
6.551940075421851279e-32
3.950613112966413593e-32
1.353024145535147534e-32
-8.009456702805260973e-33
-2.260713211270047316e-32
-2.958458517181206170e-32
-2.973265977818137477e-32
-2.479627589959246275e-32
-1.693101123691403910e-32
-8.230832215571386049e-33
-3.886848604887139414e-34
5.486886465242511567e-33
8.908409474889835726e-33
9.931244782385084746e-33
9.003497975145748158e-33
6.788177004762896766e-33
3.994970973209064867e-33
1.247706298150312879e-33
-9.992719839029610573e-34
-2.494282928430596414e-33
-3.178496890440600378e-33
-3.145936258454887732e-33
-2.587901976843519392e-33
-1.735294064691324140e-33
-8.091610457320132640e-34
1.426198782043378690e-35
6.218483002352493826e-34
9.664222872900427650e-34
1.057672555329191065e-33
9.457694515476681115e-34
7.023582707028662046e-34
4.028340542388030256e-34
1.125740500147259112e-34
-1.215613619066622173e-34
-2.743823468985571897e-34
-3.410280996307122981e-34
-3.325228819703147777e-34
-2.697879196973028793e-34
-1.775256426239401874e-34
-7.904729095930843849e-35
7.322782308471783952e-36
7.006451984171110335e-35
1.046537377630957438e-34
1.125167448788018828e-34
9.924601730721672688e-35
7.257127638195409253e-35
4.049370348645201969e-35
9.857661547947068406e-36
-1.451107018614479599e-35
-3.010112347023641268e-35
-3.654190492055440272e-35
-3.511164145702036088e-35
-2.809310176016779178e-35
-1.812581711844284228e-35
-7.665646840221852115e-36
1.384413634278210900e-36
7.853907484080806640e-36
1.131369999849755235e-35
1.195667201825182701e-35
1.040377005395019473e-35
7.487675487562283498e-36
4.056608178024592635e-36
8.263434838331826481e-37
-1.706938396156278696e-36
-3.293946612524167701e-36
-3.910598856768544548e-36
-3.703738541470449903e-36
-2.921912428668539091e-36
-1.846828845258887406e-36
-7.369526629969173992e-37
2.103358035880877090e-37
8.764072055943585958e-37
1.221105531845817207e-36
1.269224329581843300e-36
1.089465123894717699e-36
7.713975862035700964e-37
4.048495684774763999e-37
6.459504793195002949e-38
-1.984344532250030364e-37
-3.596141844109908029e-37
-4.179871219023255260e-37
-3.902921466164029598e-37
-3.035367478208721756e-37
-1.877520091917582710e-37
-7.011222095897050182e-38
2.893657767963813310e-38
9.740275932671944215e-38
1.315930386982301234e-37
1.345884996959315168e-37
1.139658959977470006e-37
7.934656613367838737e-38
4.023362826541513429e-38
4.429798448619674860e-39
-2.284613457525802823e-38
-3.917530956317189147e-38
-4.462361976917626059e-38
-4.108652677488711663e-38
-3.149318133210529355e-38
-1.904138895831134716e-38
-6.585263749722892825e-39
3.760079219945990379e-39
1.078595570715425451e-38
1.416031386639932798e-38
1.425688130555789893e-38
1.190881270661728892e-38
8.148215799304983768e-39
3.979422127189719402e-39
2.157359372492096490e-40
-2.609085007496000518e-39
-4.258962805562930747e-39
-4.758412196887946503e-39
-4.320839177698858750e-39
-3.263365616391743021e-39
-1.926127631176934156e-39
-6.085844929309541209e-40
4.707614263346053040e-40
1.190465244338035339e-39
1.521595061562563692e-39
1.508664460939328575e-39
1.243042151466244985e-39
8.353013270056367587e-40
3.914762770983315086e-40
-3.756827930400741690e-42
-2.959151232611859782e-40
-4.621300578035102189e-40
-5.068346777140481920e-40
-4.539351951336422468e-40
-3.377066540647772511e-40
-1.942885268077213160e-40
-5.506807527731316124e-41
5.741485380551699414e-41
1.310000916210181794e-40
1.632806876879353001e-40
1.594835491344987270e-40
1.296037990244497396e-40
8.547261872033469703e-41
3.827344532937433344e-41
-3.188142527717176566e-42
-3.336256645881519607e-41
-5.005419941740509578e-41
-5.392471360889533815e-41
-4.764022484605369192e-41
-3.489929727359515053e-41
-1.953764952343342429e-41
-4.841627539115283714e-42
6.867150444095507880e-42
1.437576764166171081e-41
1.749850375425615070e-41
1.684212388743148810e-41
1.349750359582243333e-41
8.729018261441010172e-42
3.714991551342996392e-42
-6.299808218616311043e-43
-3.741898289046834432e-42
-5.412206943915222633e-42
-5.731068983945513489e-42
-4.994639056024230131e-42
-3.601412862153548468e-42
-1.958071499282287706e-42
-4.083400458493256776e-43
8.090307088657761555e-43
1.573576447080986853e-42
1.872906233712340682e-42
1.776794793085598705e-42
1.404044845355206413e-42
8.896173321031672096e-43
3.575385949757879706e-43
-9.731471370833434041e-44
-4.177625596935099307e-43
-5.842555633928287945e-43
-6.084396440542329515e-43
-5.230942787761841182e-43
-3.710918983404585367e-43
-1.955058802014153411e-43
-3.224826577610550165e-44
9.416896613211203152e-44
1.718392628623885626e-43
2.002151224616621437e-43
1.872569540396836643e-43
1.458769809031647075e-43
9.046442174175007987e-44
3.406061317167127845e-44
-1.350495506329294421e-44
-4.645040038146679786e-44
-6.297365390703260992e-44
-6.452680350627479536e-44
-5.472623446839310592e-44
-3.817792798913782136e-44
-1.943927155139937785e-44
-2.258196223703767846e-45
1.085310734566860049e-44
1.872426412340833078e-44
2.137757080578632006e-44
1.971509295240566888e-44
1.513755081300533921e-44
9.177353791345801639e-45
3.204396056544536313e-45
-1.764314145267838835e-45
-5.145794508697943467e-45
-6.777537932529824145e-45
-6.836112911166882071e-45
-5.719314985177650717e-45
-3.921316826374280597e-45
-1.923820495028742502e-45
-1.175374993700531435e-46
1.240537739701646232e-45
2.036086680480956271e-45
2.279889250798057436e-45
2.073571087956484558e-45
1.568810584611182007e-45
9.286240185217210276e-46
2.967606613706728413e-46
-2.216999811040783028e-46
-5.681592453642847356e-46
-7.283973985949464876e-46
-7.234847313339625184e-46
-5.970590807288190814e-46
-4.020707353450311146e-46
-1.893823558466456651e-46
3.221095787061745932e-49
1.408039672628763646e-46
2.209789328525083480e-46
2.428705545623247754e-46
2.178694751931008406e-46
1.623724882225570450e-46
9.370225191759119663e-47
2.692740600146166261e-47
-2.711060295832854538e-47
-6.254186690001185239e-47
-7.817569589170718907e-47
-7.648992806818246018e-47
-6.225958754245041954e-47
-4.115110213551607281e-47
-1.852958961926197805e-47
1.373589512721726695e-48
1.588510843168867577e-47
2.393956386897799119e-47
2.584354661020716497e-47
2.286801256038358342e-47
1.678263651411145120e-47
9.426212836102383083e-48
2.376669825469605972e-48
-3.249116754853620297e-48
-6.865377902555902272e-48
-8.379212004202965252e-48
-8.078609391649926528e-48
-6.484855792448700667e-48
-4.203596373684238570e-48
-1.800184204287535715e-48
2.858256993175929919e-49
1.782670917694728894e-48
2.589015020848956988e-48
2.746974575701347735e-48
2.397790927266482536e-48
1.732168078440904097e-48
9.450875283445469519e-49
2.016083257161361815e-49
-3.833905841085314314e-49
-7.517012782230353359e-49
-8.969775210593144535e-49
-8.523702117576101844e-49
-6.746642395590997259e-49
-4.285157331105939668e-49
-1.734388596449858254e-49
4.496192298682720006e-50
1.991264865526810385e-49
2.795396398976051977e-49
2.916690813163456063e-49
2.511541558426663811e-49
1.785153173120184203e-49
9.440640376963240017e-50
1.607479927644303569e-50
-4.468281616876582932e-50
-8.210981774820558453e-50
-9.590114952308977186e-50
-8.984214969955012326e-50
-7.010596608167994888e-50
-4.358700315912435892e-50
-1.654390121958421685e-50
6.297870688521354932e-51
2.215062798630399627e-50
3.013534420325204073e-50
3.093614560592408940e-50
2.627906395737555393e-50
1.836906000626921999e-50
9.391678766539156056e-51
1.147161811042875821e-51
-5.155217210018635648e-51
-8.949216405835224937e-51
-1.024106330793478941e-50
-9.460024320787290669e-51
-7.275907778863077480e-51
-4.423043297135410971e-51
-1.558932233492765714e-51
8.274277116521186202e-52
2.454859693419799021e-51
3.243864289455707659e-51
3.277840636232566133e-51
2.746712000974975366e-51
1.887083828536492189e-51
9.299890634195546734e-52
6.312266946379872874e-53
-5.897806179373367960e-52
-9.733686145086285438e-52
-1.092342275293838948e-51
-9.950931922691926802e-52
-7.541669952141957047e-52
-4.476909790446810576e-52
-1.446680590862679333e-52
1.043691901506071457e-52
2.711474982703010996e-52
3.486820928281323221e-52
3.469445296520929630e-52
2.867755982789554597e-52
1.935312187002961587e-52
9.160892024353812684e-53
5.556107282917479561e-55
-6.699263552405074730e-53
-1.056639477247333386e-52
-1.163795968132059510e-52
-1.045665742304333288e-52
-7.806874906469437526e-53
-4.518923466142898372e-53
-1.316219747008873735e-53
1.279783841634855417e-53
2.985752004990409740e-53
3.742837212910769879e-53
3.668483873943853557e-53
2.990804591716660083e-53
1.981182840190387691e-53
8.970000789530590234e-54
-5.841669056186648211e-55
-7.562926494098604212e-54
-1.144937620411553644e-53
-1.238539735249128864e-53
-1.097683037486335859e-53
-8.070404827679490931e-54
-4.547602556729599940e-54
-1.166049789444859187e-54
1.536962328922926667e-54
3.278557297541878008e-54
4.012342023100648401e-54
3.874988236249920655e-54
3.115590173338526694e-54
2.024251667189209091e-54
8.722222164792129121e-55
-1.292514403045732408e-55
-8.492254563721300671e-55
-1.238468973560374350e-54
-1.316640822771386366e-54
-1.151098172047045333e-54
-8.331024606211158725e-55
-4.561354064152966866e-55
-9.945829455667956447e-56
1.816541795937354684e-55
3.590779718638097800e-55
4.295758091306400528e-55
4.088964057324487782e-55
3.241808474009024906e-55
2.064036450817667086e-55
8.412233987218577786e-56
-2.074270733670415837e-56
-9.490829512698226287e-56
-1.337441465667262507e-55
-1.398160565893692384e-55
-1.205853472332610760e-55
-8.587373747168762334e-56
-4.558467767524189588e-56
-8.001401613436637756e-57
2.119893246970845416e-56
3.923329383632024581e-56
4.593499637671700523e-56
4.310387889706739220e-56
3.369115793518362980e-56
2.100014572897353590e-56
8.034371579889594261e-57
-2.934464038596937203e-57
-1.056235457351590036e-56
-1.442064418902625776e-56
-1.483153489128756288e-56
-1.261879532299231274e-56
-8.837957882482039248e-57
-4.537110033068704043e-57
-5.809476640585338981e-58
2.448445072628821610e-57
4.277136398365370944e-57
4.905969776634142232e-57
4.539204028407481178e-57
3.497125979061899123e-57
2.131620614808907941e-57
7.582612323358274483e-58
-3.878367750094963408e-58
-1.171065318603929750e-57
-1.552547869639690596e-57
-1.571666333893856505e-57
-1.319094188762880246e-57
-9.081139874836981378e-58
-4.495317429021771494e-58
-3.351335210191923657e-59
2.803683726247575437e-58
4.653149372521352502e-58
5.233557680146151129e-58
4.775321155372186811e-58
3.625407254882529722e-58
2.158243862375731094e-58
7.050559941398392838e-59
-4.911506796041557435e-59
-1.293966710392584007e-58
-1.669101811316095214e-58
-1.663737009248748387e-58
-1.377401433802194627e-58
-9.315130503527582913e-59
-4.430990149258948264e-59
-6.072420749372657840e-61
3.187154244127114547e-59
5.052333694428366919e-59
5.576635481815635631e-59
5.018608753623386346e-59
3.753478881987627132e-59
2.179225714403792678e-59
6.431428531909191773e-60
-6.039663491003907518e-60
-1.425345381992734256e-59
-1.791935353500153810e-59
-1.759393461440303880e-59
-1.436690261675540908e-59
-9.537978722954540301e-60
-4.341885250638163988e-60
2.443588014395358816e-61
3.600460590186371082e-60
5.475669547729191409e-60
5.935554905561827700e-60
5.268893279818821653e-60
3.880807642396132184e-60
2.193856994509867326e-60
5.718026378303115117e-61
-7.268883055753923295e-61
-1.565618324479780097e-60
-1.921255791217318734e-60
-1.858652457750945025e-60
-1.496833447581352169e-60
-9.747561485160130013e-61
-4.225609710322294472e-61
5.823023989048472051e-62
4.045265804196826174e-61
5.924149649186035016e-61
6.310643601659496356e-61
5.525954083674189528e-61
4.006804142456456806e-61
2.201375166217780740e-61
4.902739581493454146e-62
-8.605478702029648456e-62
-1.715213357025637319e-61
-2.057267578290593629e-61
-1.961518279989758061e-61
-1.557686255566035985e-61
-9.941573118586107303e-62
-4.079613310763060767e-62
9.554051562423105885e-63
4.523291931221250081e-62
6.398776685703381356e-62
6.702201172310516108e-62
5.789519062426240214e-62
4.130818929887982827e-62
2.200961451684179409e-62
3.977515557762269844e-63
-1.005603621408258940e-62
-1.874568624199070768e-62
-2.200171198138127484e-62
-2.067981322808107299e-62
-1.619085072866873189e-62
-1.011751425612552866e-62
-3.901181361565276982e-63
1.366080555409333361e-63
5.036319708274232948e-63
6.900560427417470230e-63
7.110494868137214973e-63
6.059260038255825583e-63
4.252138419352444388e-63
2.191737854839312886e-63
2.933846453344570429e-64
-1.162741795296142762e-63
-2.044131996402145426e-63
-2.350161925152395457e-63
-2.178016591866156235e-63
-1.680845967969738620e-63
-1.027268030657547932e-63
-3.687427269122221528e-64
1.816860122292054690e-64
5.586187982528193370e-64
7.430514492423704746e-64
7.535754936238989545e-64
6.334787846353732762e-64
4.369980621543123996e-64
2.172764090196024629e-64
1.762752532533934072e-65
-1.332676620356905661e-64
-2.224360365088018367e-64
-2.507428469458564623e-64
-2.291582096723955819e-64
-1.742763169662671523e-64
-1.040414946475915138e-64
