0.000000000000000000e+00
1.499422099999999958e+01
1.580960581386481145e+01
5.308181788644164456e+00
-1.071725804198898580e+01
-2.567655857801901931e+01
-3.413117140484457934e+01
-3.312763177770982281e+01
-2.269845814382639304e+01
-5.539025660721158317e+00
1.394369173231798342e+01
3.089954271465594005e+01
4.128061217108690784e+01
4.277369045359071720e+01
3.523737371015380404e+01
2.059510822501695770e+01
2.263170401585718139e+00
-1.571248394119164260e+01
-2.959066374968499602e+01
-3.672788251669500426e+01
-3.606925567628778140e+01
-2.825799721114249152e+01
-1.537379963145703954e+01
-3.886074151653620135e-01
1.352015154563642518e+01
2.364193466450531034e+01
2.825183142085003141e+01
2.688152990745975046e+01
2.030860534219518598e+01
1.029167345410173162e+01
-8.712352196643085023e-01
-1.085464029812322551e+01
-1.777704196764193156e+01
-2.053963456463474557e+01
-1.897584108373932921e+01
-1.379899555233661346e+01
-6.377651296518329183e+00
1.599900869290244110e+00
8.493791535284726635e+00
1.303616882300654822e+01
1.454938784413469932e+01
1.302503567565599596e+01
9.061295829125178614e+00
3.684880341538693038e+00
-1.895594272376506240e+00
-6.548703100850514325e+00
-9.438657995811977841e+00
-1.016331769961418807e+01
-8.791994647094895754e+00
-5.805306506501665353e+00
-1.958721718645360710e+00
1.895399677553247120e+00
4.987586126729892655e+00
6.776720298764590922e+00
7.035489931530402252e+00
5.864671948502609311e+00
3.640439265716298500e+00
9.118627787259243611e-01
-1.725959567191345467e+00
-3.755363521107923930e+00
-4.831826841212453871e+00
-4.835551701277405634e+00
-3.872999624592750045e+00
-2.233054167928628431e+00
-3.110937274116274409e-01
1.480649471802940820e+00
2.797156938958620387e+00
3.422867618192582562e+00
3.301831281907386284e+00
2.532945565895384110e+00
1.334714024151958611e+00
-1.038601102462632930e-02
-1.218767026535036324e+00
-2.062535503731446784e+00
-2.409484640046235082e+00
-2.239959020385752453e+00
-1.639530249797164441e+00
-7.713653804009108494e-01
1.641572504553848733e-01
9.732350384575126911e-01
1.506735212285106762e+00
1.685547747607262892e+00
1.509401192927248392e+00
1.049031900108970516e+00
4.249369768264059655e-01
-2.216987436609630935e-01
-7.593053091359140971e-01
-1.091277056670136414e+00
-1.171794775816734857e+00
-1.009909206280182214e+00
-6.622431074091386094e-01
-2.169095258152511363e-01
2.272592255384364157e-01
5.815490028720184945e-01
7.840938022623390458e-01
8.095632171791226073e-01
6.705742713972854263e-01
4.113728776790763209e-01
9.582165821073423961e-02
-2.073341290965730055e-01
-4.387036344972661261e-01
-5.591928095030502810e-01
-5.557932094574569160e-01
-4.415748572825179963e-01
-2.504642183517594711e-01
-2.837318630630641936e-02
1.771818305185283160e-01
3.267435727475690443e-01
3.959993636940584705e-01
3.791290756842504717e-01
2.881198031907709622e-01
1.485876505818716220e-01
-6.708429282708511243e-03
-1.451327198927311879e-01
-2.406875462615398198e-01
-2.785489760225808298e-01
-2.569141956395085691e-01
-1.860599267070366936e-01
-8.507910054941349165e-02
2.281936675631109079e-02
1.153639635166935212e-01
1.755811428788938144e-01
1.946602279336373253e-01
1.728992489432060742e-01
1.187344548052819693e-01
4.623923119058150066e-02
-2.825429760727767026e-02
-8.964757135198864191e-02
-1.269719502897616314e-01
-1.351694493500199545e-01
-1.155132664369131201e-01
-7.472002069893528275e-02
-2.306208293360897249e-02
2.804247660390588037e-02
6.842807400448006061e-02
9.108948056710705621e-02
9.326683280286139632e-02
7.657306774342358124e-02
4.623405427847910448e-02
9.682124943120505589e-03
-2.515103802370387970e-02
-5.147067485325449582e-02
-6.486420834863805551e-02
-6.394554112747018182e-02
-5.032962691934679544e-02
-2.800937435355217373e-02
-2.319269331568989817e-03
2.126568026408504064e-02
3.823899864224486467e-02
4.586718423582729354e-02
4.355911266074205535e-02
3.277002384505503518e-02
1.650583751573543936e-02
-1.433098856373375696e-03
-1.729152245752010875e-02
-2.810579933999904356e-02
-3.221748840282084164e-02
-2.947451036646044423e-02
-2.111092745065005008e-02
-9.361516757789210136e-03
3.085256674482408923e-03
1.367030171827851234e-02
2.046278203044947508e-02
2.248345787362921941e-02
1.980537442174718984e-02
1.343402424047793024e-02
5.013004031139930636e-03
-3.568515133805032560e-03
-1.057817947631728428e-02
-1.477124155296911587e-02
-1.559074912186162939e-02
-1.321015607883242043e-02
-8.425591068391035526e-03
-2.434364280128137326e-03
3.444612746302549815e-03
8.046769568325336935e-03
1.057935682393484900e-02
1.074281400028615809e-02
8.741362654548084921e-03
5.191783897350566411e-03
9.588062158992849762e-04
-3.042634961595818387e-03
-6.035405046840407184e-03
-7.521817126622701993e-03
-7.355224579431410455e-03
-5.734246371808212825e-03
-3.128516707052065790e-03
-1.576566612647451598e-04
2.547648719157052065e-03
4.472893824124239692e-03
5.311035658698452962e-03
5.003156181063585055e-03
3.725433416022798892e-03
1.830396243707096146e-03
-2.412164617938584044e-04
-2.057424606592624626e-03
-3.280527017818738768e-03
-3.725213786220629621e-03
-3.380389121814935879e-03
-2.393969100113196510e-03
-1.027397260597260990e-03
4.079968474904357816e-04
1.618252175934199212e-03
2.383831537089048901e-03
2.596086655385731849e-03
2.267898931286384777e-03
1.518950193642043620e-03
5.411062911303493941e-04
-4.471744794284275657e-04
-1.247192277230626742e-03
-1.717769840043637149e-03
-1.797735678802176535e-03
-1.510157798118821285e-03
-9.493061460109465189e-04
-2.546784299733304219e-04
4.214222004552950138e-04
9.456283277958426681e-04
1.228288176915115059e-03
1.237024405818512671e-03
9.974821307388033031e-04
5.823976570721706679e-04
9.234209938827541916e-05
-3.671763223961181937e-04
-7.073076375316756812e-04
-8.719642936677050914e-04
-8.457624254820434893e-04
-6.530282590434435385e-04
-3.489618574602857803e-04
-5.509724556784908675e-06
3.046991399616898796e-04
5.229472900364264681e-04
6.147811671015760739e-04
5.744754230476898336e-04
4.233051687980686354e-04
2.025909062212413281e-04
-3.657011133668733034e-05
-2.445010048684165922e-04
-3.827386080725157682e-04
-4.306047293427597562e-04
-3.875632926196626612e-04
-2.713133410476709214e-04
-1.124257164259744350e-04
5.305828901663590643e-05
1.913822361102893925e-04
2.775973412719335426e-04
2.996714676631195991e-04
2.596038878831435416e-04
1.716222885053793269e-04
5.811439136521002135e-05
-5.566559433320364023e-05
-1.469344625945712504e-04
-1.996895515105801433e-04
-2.072312212328064564e-04
-1.725724797363736873e-04
-1.068651164425541946e-04
-2.635546618989787057e-05
5.137431227519489226e-05
1.110562504385197505e-04
1.425587446976686427e-04
1.423992405913124466e-04
1.137758387773440228e-04
6.525960938936846813e-05
8.543081062407779144e-06
-4.421041064424343422e-05
-8.284647105129906751e-05
-1.010496312073311958e-04
-9.722254910626314315e-05
-7.433366539404403042e-05
-3.886693697425256338e-05
8.265059983835284672e-07
3.638530347404808786e-05
6.111116050730731994e-05
7.114219973575634033e-05
6.594169509419500926e-05
4.807290189794541553e-05
2.237640764173374721e-05
-5.225718717196293773e-06
-2.902248869678426360e-05
-4.463508393904651149e-05
-4.975940286926467759e-05
-4.441940933260211152e-05
-3.072953328308231552e-05
-1.226273818189766671e-05
6.809925045546373433e-06
2.261333694113382278e-05
3.231374025893242702e-05
3.458135519316160562e-05
2.970593759533317422e-05
1.937687423821951184e-05
6.205342369172804431e-06
-6.890104786803522241e-06
-1.729798626982071338e-05
-2.320548235057098632e-05
-2.388113235313096811e-05
-1.971299088480786058e-05
-1.201906538635487743e-05
-2.690719360475914200e-06
6.242935934910355533e-06
1.303463851377573474e-05
1.654024313199911297e-05
1.638723866199997401e-05
1.297208690660043159e-05
7.304032945420510612e-06
7.419777912743330718e-07
-5.312267405712139746e-06
-9.698634601857504214e-06
-1.170663815801674203e-05
-1.117251372695659517e-05
-8.457298993611030464e-06
-4.322145934877722282e-06
2.639210049578617946e-07
4.338597049818344836e-06
7.138086080229111199e-06
8.230008991552955900e-06
7.566737813433790732e-06
5.456446190439745648e-06
2.465894491657122654e-06
-7.187809355786884479e-07
-3.441232632975195361e-06
-5.203192634037016789e-06
-5.748318108185248353e-06
-5.089267413281597773e-06
-3.478268305211980076e-06
-1.332715446906916360e-06
8.648252149490338711e-07
2.669646767629589165e-06
3.760056811516173342e-06
3.989414488710864263e-06
3.397953500443911122e-06
2.186047910914867004e-06
6.581232981557500017e-07
-8.486335129586090280e-07
-2.034987940369812763e-06
-2.695709336965935055e-06
-2.751216726509258572e-06
-2.250930031796397430e-06
-1.350486000195541858e-06
-2.699891717156619038e-07
7.564558082593636846e-07
1.528965128585014973e-06
1.918430491161098773e-06
1.885263219247354861e-06
1.478360030675514242e-06
8.164751548257545399e-07
5.748373559581955047e-08
-6.371052888302863901e-07
-1.134814353047724797e-06
-1.355789640233874807e-06
-1.283509470654635045e-06
-9.617554239023920801e-07
-4.798256970448950597e-07
4.987619653583144003e-08
5.166326614513192241e-07
8.333869475849945332e-07
9.517884155883035001e-07
8.679920536736209125e-07
6.189769172156823695e-07
2.710679109604012069e-07
-9.626377686143211263e-08
-4.076095405287957941e-07
-6.062988197236639487e-07
-6.638594070543125298e-07
-5.828920542410337468e-07
-3.934430258608760293e-07
-1.442502951465589305e-07
1.088732215256382391e-07
3.149097422254881340e-07
4.373606624102553914e-07
4.600943580944948554e-07
3.885358125914114389e-07
2.464259591203540869e-07
6.924189917233164218e-08
-1.040721346153548945e-07
-2.392403381012018806e-07
-3.130436536182237444e-07
-3.168579068598986570e-07
-2.569191534054263364e-07
-1.515904446153159858e-07
-2.647651778115347847e-08
9.142131992582348974e-08
1.792451098769380672e-07
2.224374988575535747e-07
2.168231491685968192e-07
1.684056046148163754e-07
9.114869359345070095e-08
3.387734955531453713e-09
-7.627467480970217542e-08
-1.327159086364720105e-07
-1.569698373532704428e-07
-1.474044057277349486e-07
-1.093146361192060167e-07
-5.317091624768876545e-08
7.992614886214514465e-09
6.144126992948456085e-08
9.725680548253067785e-08
1.100394263837660582e-07
9.953589991812469015e-08
7.017554611542251957e-08
2.971611846990605685e-08
-1.264059010503997560e-08
-4.823350980148340572e-08
-7.062043556798581367e-08
-7.664458164424081676e-08
-6.673739678402215752e-08
-4.447345105302092608e-08
-1.554120968451563786e-08
1.360604948404225043e-08
3.711737283893589485e-08
5.085408929055299883e-08
5.304631623889779331e-08
4.441005724462854835e-08
2.775541270086051624e-08
7.215150071297185412e-09
-1.271411630956925173e-08
-2.810763279043519283e-08
-3.634027106512749993e-08
-3.648159129932507931e-08
-2.931246125023788423e-08
-1.699775195601183015e-08
-2.514963200006016452e-09
1.102253932040042049e-08
2.100178372468613064e-08
2.578274694360604397e-08
2.492906445191275519e-08
1.917493731900624756e-08
1.016123543558913787e-08
1.665665339591223907e-11
-9.116795581257173444e-09
-1.551354347619351455e-08
-1.816790788639752078e-08
-1.692325427830162190e-08
-1.241841517535498655e-08
-5.880376947632017420e-09
1.179932846845058446e-09
7.298225092505414457e-09
1.134504309509865264e-08
1.271817067841283755e-08
1.141035136771303513e-08
7.951243714540605438e-09
3.247798083777297955e-09
-1.634862600665137874e-09
-5.702284696530303373e-09
-8.222507643502891316e-09
-8.846206767077642533e-09
-7.638294624879389129e-09
-5.023514771925083074e-09
-1.665509949881191175e-09
1.689796379934549438e-09
4.371612800781806474e-09
5.910925019387977050e-09
6.114121012255934661e-09
5.074173203385910241e-09
3.123385534725705636e-09
7.429995259863800746e-10
-1.547947787076288449e-09
-3.300210811417432927e-09
-4.217205371040975793e-09
-4.199059400493969917e-09
-3.342916146902870645e-09
-1.903803989290306923e-09
-2.278422495809381057e-10
1.326091766073681492e-09
2.459414026948102914e-09
2.987521256345461736e-09
2.865313511533992410e-09
2.182263838896871122e-09
1.131066365744087779e-09
-4.122463324223484691e-11
-1.088041605681478241e-09
-1.812568559740501524e-09
-2.102129106445522215e-09
-1.942307777190936538e-09
-1.410007025423621998e-09
-6.489349437483143878e-10
1.658169185091253182e-10
8.659302108389958864e-10
1.322846131768080324e-09
1.469501234250640294e-09
1.307590579634816023e-09
9.003528745536111391e-10
3.537683650698044954e-10
-2.089113664795824451e-10
-6.735408515781141922e-10
-9.569992178511697917e-10
-1.020711903926685997e-09
-8.739109406093133203e-10
-5.670078855018151956e-10
-1.773935588047039372e-10
2.087380469836370344e-10
5.145088827964165020e-10
6.868008584686346914e-10
7.045034648799041547e-10
5.795351176740657475e-10
3.511565816539980627e-10
7.538458290513754924e-11
-1.878871325498644692e-10
-3.872542499493933920e-10
-4.892338056190907854e-10
-4.831686445980002101e-10
-3.810762707594186192e-10
-2.129778801528114998e-10
-1.909375257630278460e-11
1.592207127578156418e-10
2.878595890069590352e-10
3.460626598297963210e-10
3.292328916043905830e-10
2.482395218806473332e-10
1.256975847531489211e-10
-9.729675612229434078e-12
-1.296682748186240772e-10
-2.116793591406544484e-10
-2.431534632023508901e-10
-2.228494642174075045e-10
-1.600059722874769540e-10
-7.144563509304405738e-11
2.254779540055435589e-11
1.026323237646820657e-10
1.541819345394605927e-10
1.697401973288691536e-10
1.497945943735630199e-10
1.018846328390748879e-10
3.838874089022058246e-11
-2.643531004179240377e-11
-7.948989387224561709e-11
-1.113410405452043895e-10
-1.177388644418263900e-10
-9.994913306042092797e-11
-6.394854820507182395e-11
-1.875831219424325907e-11
2.566456265435109984e-11
6.051223748721580289e-11
7.977269733935087118e-11
8.115257173840225453e-11
6.616394434986804347e-11
3.944139083021364740e-11
7.502814496481961463e-12
-2.274246710317294494e-11
-4.541472712222777107e-11
-5.673681571493156296e-11
-5.557933230537866048e-11
-4.342173077570531228e-11
-2.379554324385823773e-11
-1.372865816424224385e-12
1.908211703155123509e-11
3.367517818841889837e-11
4.007389759191602017e-11
3.781796553668022252e-11
2.822403357963196272e-11
1.394468810236213636e-11
-1.695660447653133833e-12
-1.543284205313625153e-11
-2.470973708744380990e-11
-2.811699520083184916e-11
-2.556012846271471434e-11
-1.814692270586634948e-11
-7.845652983529549927e-12
2.994620363279479013e-12
1.215194230275170813e-11
1.796314358772637222e-11
1.960059602665829643e-11
1.715418401636536957e-11
1.152157640382866182e-11
4.147914271779891178e-12
-3.317964501419980632e-12
-9.373662497015868488e-12
-1.294905819364899483e-11
-1.357710268188901087e-11
-1.142692218492722151e-11
-7.206375300676166785e-12
-1.966608044714983854e-12
3.142504094593078524e-12
7.112204201051718475e-12
9.262493456654149847e-12
9.345255095365508678e-12
7.550689551132629728e-12
4.425442651096512405e-12
7.276319108447046564e-13
-2.745924137550863168e-12
-5.322939753596702263e-12
-6.577665857318616794e-12
-6.391386179204616109e-12
-4.945457233061092594e-12
-2.655029734919702669e-12
-6.263903960851132440e-14
2.283040394093263353e-12
3.937543805606207286e-12
4.639088114846615571e-12
4.342660370193660397e-12
3.207343325967268419e-12
1.544089320970061834e-12
-2.616571477214363783e-13
-1.834497539999497171e-12
-2.883154385049852652e-12
-3.250314668585202216e-12
-2.930695990049976219e-12
-2.056899981358277497e-12
-8.591035772640931884e-13
3.907339018734915090e-13
1.437440852722619415e-12
2.091988937942310647e-12
2.262684427051570626e-12
1.963773481839590362e-12
1.301998934780890011e-12
4.460020554718816319e-13
-4.135955470006021343e-13
-1.104514279825717319e-12
-1.505438283403177501e-12
-1.565182229942256004e-12
-1.305915335838975576e-12
-8.113920639782280156e-13
-2.040427065079095574e-13
3.833802565169589866e-13
8.353848719359489394e-13
1.075112051425849978e-12
1.075844102681591038e-12
8.613341282754397240e-13
4.960083256548156067e-13
6.801343816529079994e-14
-3.307846482083397063e-13
-6.235459963029392914e-13
-7.623220103274909789e-13
-7.347560208840893422e-13
-5.629954262082099806e-13
-2.958118057582765287e-13
3.815813798318924079e-15
2.727175086395909963e-13
4.601855322688177479e-13
5.368696470813582495e-13
4.985114209963730106e-13
3.642867333206117339e-13
1.706271677483042280e-13
-3.779187481643338553e-14
-2.178106381614105657e-13
-3.362653975396079248e-13
-3.756216014720639605e-13
-3.359178647168616358e-13
-2.330009286938071812e-13
-9.377550053429673574e-14
5.028248491612201230e-14
1.698781748382745134e-13
2.435386608005568516e-13
2.611253660064995654e-13
2.247283274905481150e-13
1.470253273280821715e-13
4.768756171624639812e-14
-5.125393967765508258e-14
-1.300505029966354164e-13
-1.749573093843906057e-13
-1.803819732564921550e-13
-1.491877760900851285e-13
-9.127544342230177635e-14
-2.089925533683640544e-14
4.661916500744971199e-14
9.806191031581728033e-14
1.247479990301846320e-13
1.238158790670783069e-13
9.821379528686695552e-14
5.552916082730335698e-14
6.007157648235441221e-15
-3.976407674257277247e-14
-7.300537234578561282e-14
-8.832146391952004216e-14
-8.444165355197702265e-14
-6.406149351079289804e-14
-3.290705077156861007e-14
1.713357848046975534e-15
3.252905403609160558e-14
5.375736979811345150e-14
6.211138002431042506e-14
5.720771322302561120e-14
4.135287045726416027e-14
1.881293787662602175e-14
-5.235589021273512316e-15
-2.583214542512839177e-14
-3.920261710357210588e-14
-4.339551819345702582e-14
-3.849002553566204797e-14
-2.637707703651415579e-14
-1.020000797997822293e-14
6.399355766899761546e-15
2.005891198570999495e-14
2.834073018549720571e-14
3.012622052820625393e-14
2.570791773100314970e-14
1.658986166731972501e-14
5.065638876540696838e-15
-6.319289410468566307e-15
-1.530186698668318861e-14
-2.032581340793971444e-14
-2.078220250548264511e-14
-1.703651219217475148e-14
-1.025808847176269755e-14
-2.105889429039309504e-15
5.652267595219604164e-15
1.150415539800870642e-14
1.447002334091715433e-14
1.424529982135132800e-14
1.119398868947181870e-14
6.209010932885897069e-15
4.807287653813878695e-16
-4.770870938448949562e-15
-8.543136484206462785e-15
-1.022954817854693110e-14
-9.701409067743967632e-15
-7.285802054472506665e-15
-3.654595331633689831e-15
3.444097852479836012e-16
3.874632433391892812e-15
6.276906330043031909e-15
7.183571571020451345e-15
6.562855973696037622e-15
4.691640741364857668e-15
2.069218883993824412e-15
-7.048045644388705185e-16
-3.060464755140521734e-15
-4.568465975743903521e-15
-5.011973879138166464e-15
-4.408736216365369741e-15
-2.984075076596778585e-15
-1.105065035485690748e-15
8.070570086114264151e-16
2.366555446576546776e-15
3.296792951429845825e-15
3.474648115511845804e-15
2.939788140083276427e-15
1.870456534180909018e-15
5.339667820325964275e-16
-7.756673513074043468e-16
-1.799204601051924411e-15
-2.360547205611607587e-15
-2.393646108593000769e-15
-1.944705899557654480e-15
-1.151718531514311766e-15
-2.076861939724409504e-16
6.834801486097310527e-16
1.348833827211739546e-15
1.677885372511199242e-15
1.638454688778473317e-15
1.275276135663325124e-15
6.933602107270266855e-16
3.096383613895275418e-17
-5.713856682181043151e-16
-9.992230884958346665e-16
-1.184432149046625119e-15
-1.114233873733011541e-15
-8.282086512041569737e-16
-4.051442206873564387e-16
5.664261091523533047e-17
4.609222371745208172e-16
7.325894533729736313e-16
8.305720572769864870e-16
7.526419893352006612e-16
5.319765303205532856e-16
2.269823111432599906e-16
-9.290894834495592384e-17
-3.622292922153591163e-16
-5.321717432556501662e-16
-5.786856005407820434e-16
-5.048109519892443537e-16
-3.373615778950115327e-16
-1.191848256311996725e-16
1.010112165324709165e-16
2.789854111732802805e-16
3.833651041153525954e-16
4.006338069401471597e-16
3.360488780944328356e-16
2.107126665144033867e-16
5.576754278949619050e-17
-9.483657712081953893e-17
-2.114129696159397654e-16
-2.740491289383600113e-16
-2.756118465408662475e-16
-2.218959230749485860e-16
-1.291724073406329858e-16
-1.988676171162232620e-17
8.244767169681173019e-17
1.580591274250400287e-16
1.944976120954374830e-16
1.883927258797076978e-16
1.452197831096093342e-16
7.732017799459895992e-17
7.464977921698236530e-19
-6.831911394845035386e-17
-1.168143417253184515e-16
-1.370971783794360552e-16
-1.279322956922546776e-16
-9.409744213534049986e-17
-4.482658550704963248e-17
8.482502559822074655e-18
5.476418130804219183e-17
8.546485591983185831e-17
9.600249188647619017e-17
8.628586587916084958e-17
6.028372929674487191e-17
2.482506051322151885e-17
-1.205275349459380514e-17
-4.283223540270884125e-17
-6.196732203947060920e-17
-6.679543560466207296e-17
-5.778165069240197452e-17
-3.811291413288748609e-17
-1.278846840274694744e-17
1.256122643492892622e-17
3.286370650185142819e-17
4.456319726171139402e-17
4.618009949324308200e-17
3.839929160297298663e-17
2.371670618113530100e-17
5.759038065254322816e-18
-1.155467085208942397e-17
-2.482607470728091128e-17
-3.180512323549706822e-17
-3.172524226379219243e-17
-2.530830093649936635e-17
-1.447139355463595239e-17
-1.823898200031687181e-18
9.923627259118488939e-18
1.851167472052994950e-17
2.253858249169427581e-17
2.165508298740331370e-17
1.652891683606078260e-17
8.609583932640348400e-18
-2.397324669661112919e-19
-8.156170733218705068e-18
-1.364973102620229784e-17
-1.586398908464706976e-17
-1.468402352031795069e-17
-1.068524980835815401e-17
-4.949303505922706190e-18
1.202908867453738159e-18
6.499318230001791058e-18
9.966223010294680763e-18
1.109319271049934527e-17
9.888826898583673808e-18
6.827132288142834269e-18
2.706180681117512446e-18
-1.543911901428780222e-18
-5.060212845434687271e-18
-7.212841125953065699e-18
-7.707638353228993684e-18
-6.611428187131530441e-18
-4.302553400217507280e-18
-1.364055411951384517e-18
1.553403859878403104e-18
3.868436432549531496e-18
5.178278461443640673e-18
5.321480595159610798e-18
4.386066396472061365e-18
2.666980338358854526e-18
5.864068183851974651e-19
-1.403390713268133382e-18
-2.913530349102504161e-18
-3.689949951532936952e-18
-3.650737603413739305e-18
-2.885298969423713638e-18
-1.619344404947947580e-18
-1.561164159301684186e-19
1.192012057371866472e-18
2.166925271869324328e-18
2.610962110543171745e-18
2.488402843241000110e-18
1.880418934020845231e-18
9.571496289185370637e-19
-6.522267145724781541e-20
-9.723132075040045858e-19
-1.594232048445284916e-18
-1.835112595603380095e-18
-1.684882568924989853e-18
-1.212699031129440684e-18
-5.451940408875582368e-19
1.645992585076476706e-19
7.704933762618033568e-19
1.161699406988182851e-18
1.281444953244287874e-18
1.132926954225924839e-18
7.726753642642131397e-19
2.939138604458299343e-19
-1.957542650798808990e-19
-5.973047250370444691e-19
-8.392391939910827980e-19
-8.891323772515006381e-19
-7.562097667355765666e-19
-4.853374639241296275e-19
-1.444848986090014856e-19
1.911793898964141681e-19
4.550413715720054276e-19
6.015088807656364804e-19
6.130278628867771416e-19
5.007893742184482408e-19
2.996168595732626494e-19
5.863822447794305359e-20
-1.699701920034332127e-19
-3.417237284359852001e-19
-4.279571655380849633e-19
-4.199758258223577334e-19
-3.287974549137316557e-19
-1.809774301132218739e-19
-1.174392177011868110e-20
1.429150200926979335e-19
2.535250637506933047e-19
3.023690902927504875e-19
2.858548961220518401e-19
2.138211421440127038e-19
1.062265351349749164e-19
-1.185391820015406119e-20
-1.157555425617393480e-19
-1.861158959748182365e-19
-2.122170348516255745e-19
-1.932646528704270830e-19
-1.375545785132629951e-19
-5.990459588916273150e-20
2.196130765036005207e-20
9.124835930585855168e-20
1.353570339346354826e-19
1.479834343136076227e-19
1.297505077919610435e-19
8.739077236408689664e-20
3.178885600618278758e-20
-2.461063991716747290e-20
-7.044805826474921998e-20
-9.761212312462294113e-20
-1.025373568735847043e-19
-8.646259587293335037e-20
-5.470279179776046052e-20
-1.517840977055276755e-20
2.342921600804471506e-20
5.349023600717350278e-20
6.984710680495471297e-20
7.059886916196686558e-20
5.715568145088442138e-20
3.362567622073333852e-20
5.723536269450690837e-21
-2.053309694059382664e-20
-4.005744744151512824e-20
-4.961787340404127404e-20
-4.829868208950654683e-20
-3.745167348852398720e-20
-2.019903104993488488e-20
-6.318466452177164226e-22
1.710498864807128209e-20
2.964714268241712673e-20
3.500565277684496217e-20
3.282718130646102163e-20
2.430112072182326901e-20
1.176744205128463605e-20
-1.866357162457059625e-21
-1.376350502233317652e-20
-2.171823709175504611e-20
-2.453384853588371862e-20
-2.216112912842278046e-20
-1.559345583602337912e-20
-6.563858705659240283e-21
2.875550452800331523e-21
1.079590860485387834e-20
1.576504922073129420e-20
1.708426593087471085e-20
1.485470778382884426e-20
9.877163894721793969e-21
3.421941615581090518e-21
-3.072146758761761744e-21
-8.302396943917976130e-21
-1.134914272177497415e-20
-1.182138537749127604e-20
-9.882126692137692978e-21
-6.160368536891929479e-21
-1.578712489792356132e-21
2.860520450555730354e-21
6.283726006757863023e-21
8.107865805988210046e-21
8.128018464097879079e-21
6.520552163577005544e-21
3.769722060392818704e-21
5.400305554484864315e-22
-2.474697910091109938e-21
-4.693013947058524645e-21
-5.750895590917493253e-21
-5.552809952207066877e-21
-4.263970886926269236e-21
-2.251221550788297211e-21
1.049716189353701583e-23
2.043944570928480154e-21
3.465258324874233285e-21
4.051389038450564259e-21
3.768628872979149358e-21
2.760418949459045851e-21
1.300946228399143561e-21
-2.727684662345972868e-22
-1.634557998158044348e-21
-2.533256977257537664e-21
-2.835434662995574229e-21
-2.540307647560692329e-21
-1.766631804157160153e-21
-7.169971842625489762e-22
3.710734104951108031e-22
1.276122263677982594e-21
1.835441778806970669e-21
1.971740986661665746e-21
1.700062076398558166e-21
1.115538641882049560e-21
3.663598224407819594e-22
-3.811730795445153858e-22
