0.000000000000000000e+00
1.000000000000000000e+00
1.699999999999999956e+00
1.989999999999999991e+00
1.852999999999999980e+00
1.359099999999999975e+00
6.427699999999998415e-01
-1.304810000000002912e-01
-8.003107000000002635e-01
-1.243095290000000297e+00
-1.392982363000000223e+00
-1.249284256100000157e+00
-8.700991086699998434e-01
-3.548126542489995483e-01
1.799076855797006047e-01
6.251744543095907325e-01
9.008796553045737010e-01
9.688384051391436547e-01
8.362335989624278820e-01
5.496425536108979770e-01
1.817821020723415781e-01
-1.856487247268274743e-01
-4.792067239007142820e-01
-6.475675783770695748e-01
-6.695788317303754678e-01
-5.554731934022756334e-01
-3.416834802265306115e-01
-8.093604232305395829e-02
1.699238602546858656e-01
3.617130005237144674e-01
4.619806266610972934e-01
4.598253648525223447e-01
3.659205562543004220e-01
2.082221172650406960e-01
2.464909872169895877e-02
-1.454964377116485519e-01
-2.695281329593315345e-01
-3.272510320903798675e-01
-3.137514348902471495e-01
-2.388515104320783067e-01
-1.236712763333106535e-01
4.725189622242331744e-03
1.193369710577916187e-01
1.986201801382276866e-01
2.302510322829744993e-01
2.126685927566516199e-01
1.543106786316308376e-01
7.092642019278594390e-02
-1.830469644073162705e-02
-9.495176212275091565e-02
-1.449437688120183143e-01
-1.609478210699553102e-01
-1.431619038881075667e-01
-9.852219764682312864e-02
-3.864202250030246422e-02
2.297853963162665991e-02
7.384133762403755075e-02
1.048495882923997646e-01
1.117870962354456932e-01
9.567343413709794575e-02
6.203645142116531730e-02
1.935587669259319910e-02
-2.292781590164061356e-02
-5.639757605612283342e-02
-7.524084498393235343e-02
-7.715161802217407327e-02
-6.344099015215687309e-02
-3.841322703870997390e-02
-8.205594828865847568e-03
2.062239312576708006e-02
4.244310365978309907e-02
5.359312240844105180e-02
5.290951480054484346e-02
4.171236499332942049e-02
2.329245716816952250e-02
2.056048691891798619e-03
-1.746792867513657921e-02
-3.154592257043475900e-02
-3.790693256211608020e-02
-3.605045504220605324e-02
-2.716953426584600706e-02
-1.374279871395278629e-02
1.089823025541836188e-03
1.422121798597852926e-02
2.319522985317601371e-02
2.663279456301848036e-02
2.440004388927285994e-02
1.751055950504754044e-02
7.807911658235244801e-03
-2.486053735542892440e-03
-1.125341184283468188e-02
-1.689335177083006734e-02
-1.859062735185990078e-02
-1.640004990441501498e-02
-1.114852022083145933e-02
-4.192439461440100601e-03
2.906521114300120168e-03
8.714281409606283724e-03
1.219840939346050757e-02
1.289444270023731853e-02
1.094198413628899580e-02
6.996374601477617361e-03
2.046051099851897703e-03
-2.818450271581562916e-03
-6.632811451555253868e-03
-8.739174223220569360e-03
-8.887065873075083999e-03
-7.242755183329285806e-03
-4.314324525892199169e-03
-8.158720290204479753e-04
2.495909623968173285e-03
4.977331186864386581e-03
6.215144356098156742e-03
6.086147337188818618e-03
4.752820552732628379e-03
2.602262336175553692e-03
1.463074740394310069e-04
-2.093313396691054429e-03
-3.690309501010236026e-03
-4.389544094695607690e-03
-4.140946410073120809e-03
-3.089019211898302864e-03
-1.524480891161306140e-03
1.884997757343187530e-04
1.692482420793450792e-03
2.707570317188046083e-03
3.079635360505483810e-03
2.798566827390103207e-03
1.985891782108395454e-03
8.573058849333792253e-04
-3.298825995109444520e-04
-1.332375715608624667e-03
-1.968144376974900744e-03
-2.146707296809435839e-03
-1.878072465298696869e-03
-1.260686623879347934e-03
-4.529020418262419412e-04
3.646844903869572718e-04
1.027575471301389598e-03
1.418662259864089670e-03
1.486907917597757312e-03
1.250947426038595545e-03
7.883934984275198232e-04
2.144162638920699138e-04
-3.450464999682489875e-04
-7.795536874489750190e-04
-1.014699418691811239e-03
-1.023390693072001589e-03
-8.265347013997059733e-04
-4.840573686147875421e-04
-7.901629538542565001e-05
3.013239295980296717e-04
5.833653461635446291e-04
7.205295518396548360e-04
6.998714265803451795e-04
5.413048285306532037e-04
2.903339245797775803e-04
6.393326108189434365e-06
-2.504318777382108507e-04
-4.314881856523067327e-04
-5.081412256443540443e-04
-4.755007165083702247e-04
-3.510241149842219244e-04
-1.687903506156773759e-04
2.897810743907047737e-05
2.011740982004184275e-04
3.159156702455812038e-04
3.559999510371891773e-04
3.208758135422318247e-04
2.250889270880573889e-04
9.386294386182214566e-05
-4.301302981413179793e-05
-1.575988001596417831e-04
-2.292062334388056399e-04
-2.478116767021809608e-04
-2.149942402989157841e-04
-1.424596994761273550e-04
-4.868667284041450216e-05
4.544638569969894348e-05
1.210768612457391313e-04
1.649289169880496786e-04
1.714099837586413599e-04
1.429609471004233967e-04
8.876462468787593707e-05
2.223500957909685383e-05
-4.208864593491234984e-05
-9.156220671036052750e-05
-1.177759700661251685e-04
-1.178131630730216983e-04
-9.428400416477966672e-05
-5.425096031430598487e-05
-7.371028785896349689e-06
3.629511534675167184e-05
6.833562199670684123e-05
8.350495358233622767e-05
8.045636129283550986e-05
6.162135597387319308e-05
3.234557999176601584e-05
-4.717343902171933223e-07
-2.991297045618068751e-05
-5.042748882422287693e-05
-5.880505759070508986e-05
-5.458385796219822339e-05
-3.986800670408019442e-05
-1.865013923096903170e-05
4.175969341102536703e-06
2.388427318766872531e-05
3.684489201205565223e-05
4.114047055159275601e-05
3.677839712690200713e-05
2.549685161912229603e-05
1.024409033845152805e-05
-5.532212881798059811e-06
-1.862444320388512153e-05
-2.668256185289763494e-05
-2.859835626667361907e-05
-2.460289998573728099e-05
-1.608640933581373389e-05
-5.204285883797510337e-06
5.630482399876513000e-06
1.425567737523003586e-05
1.916721737815763049e-05
1.975415990507212172e-05
1.633157619818081940e-05
9.984935622431301283e-06
2.275971979659452415e-06
-5.117289694767102048e-06
-1.074776726273096727e-05
-1.366564362126343468e-05
-1.355860361973437733e-05
-1.075054689436694133e-05
-6.073186462729474044e-06
-6.489247817986765199e-07
4.362695687487594398e-06
8.000614972414332726e-06
9.674619334321121755e-06
9.246299393250723142e-06
7.011551567570606380e-06
3.597968211144220163e-06
-1.938504519127803860e-07
-3.567717158370342645e-06
-5.890653762330444465e-06
-6.803165953472856131e-06
-6.263793735028500009e-06
-4.525599991311857195e-06
-2.056105623760018375e-06
5.776604318219469292e-07
2.832517795425815166e-06
4.295385863661849157e-06
4.752889952386318839e-06
4.214065641661157713e-06
2.886310633720690078e-06
1.114068999830131190e-06
-7.037622707928292698e-07
-2.199057960061701067e-06
-3.105012488346936550e-06
-3.299369066289692398e-06
-2.814416173335665405e-06
-1.815075335032112491e-06
-5.526535135080834493e-07
6.940568285651593783e-07
1.677284770629228206e-06
2.226732964238919976e-06
2.275889745662063035e-06
1.864952899777172490e-06
1.122119158591949883e-06
2.291449597846551001e-07
-6.203608112764769089e-07
-1.260843842776360191e-06
-1.585109802637596488e-06
-1.559927205962985397e-06
-1.225277427852056178e-06
-6.790371419596041846e-07
-5.161345606463640934e-08
5.233905524537618703e-07
9.362160495740567967e-07
1.120515787045306411e-06
1.062282393382574242e-06
7.974158604540093620e-07
3.995528086164767956e-07
-3.843449980500679430e-08
-4.249361773567272849e-07
-6.878004517041347299e-07
-7.868182081427477215e-07
-7.185705473977677116e-07
-5.134335431256076276e-07
-2.261235308997910920e-07
7.768018628340200848e-08
3.355674943472664040e-07
5.005525726131665465e-07
5.489286285520478259e-07
4.826813531089158005e-07
3.265225345661093570e-07
1.206750910309750680e-07
-8.872262635684080578e-08
-2.594360466456890890e-07
-3.611909156209236471e-07
-3.805321144856321780e-07
-3.218327705445389597e-07
-2.046368070551807250e-07
-5.823307847041547802e-08
8.517689287224072814e-08
1.972104886061032403e-07
2.585986269565410112e-07
2.621282261250357237e-07
2.128792201405715900e-07
1.259792706820306307e-07
2.257346209955102267e-08
-7.500645804459082910e-08
-1.478270944543780274e-07
-1.838002484655376634e-07
-1.794160372492470401e-07
-1.395870397047360711e-07
-7.582353389601337312e-08
-3.271671933369191265e-09
6.267933827519556189e-08
1.094993797856602669e-07
1.297375411546397572e-07
1.220043783778379520e-07
9.064365613653535547e-08
4.429027478103364501e-08
-6.285823195284478970e-09
-5.054714691254957870e-08
-8.027290854251134533e-08
-9.097151254522373165e-08
-8.240595361641567251e-08
-5.821575987940974528e-08
-2.480143335148454753e-08
1.023174733827403315e-08
3.971526030266403495e-08
5.830737004330899254e-08
6.337879476792096511e-08
5.526731794436301470e-08
3.691352523649271689e-08
1.301240659667968202e-08
-1.110108149848798575e-08
-3.058300424019222419e-08
-4.200013392630097542e-08
-4.387552376972081447e-08
-3.678826965280990180e-08
-2.305208723907270496e-08
-6.079105663303607798e-09
1.041239894306045244e-08
2.317227332238047666e-08
3.002170567700801485e-08
3.018185379399795920e-08
2.428961620726255433e-08
1.412867922656602104e-08
2.158100032012555403e-09
-9.047041449328219187e-09
-1.732226040385143051e-08
-2.130550547096987657e-08
-2.062932502600034468e-08
-1.589489750930539458e-08
-8.454933198009939588e-09
-6.797873375319340994e-11
7.493875964215135355e-09
1.280076999954360417e-08
1.501682067583942626e-08
1.400790217154224138e-08
1.029829510557078720e-08
4.899989747286781494e-09
-9.384832910797058503e-10
-6.005412389598063783e-09
-9.364566011527131195e-09
-1.051489117998016809e-08
-9.447205684409709647e-09
-6.596847623718815612e-09
-2.712155833251017611e-09
1.326497911513513372e-09
4.695986821623421292e-09
6.789329320966430714e-09
7.315471783897464775e-09
6.325905799187125922e-09
4.170115142088093307e-09
1.395880522281345293e-09
-1.380106695592075994e-09
-3.602474096808805371e-09
-4.882109827519798273e-09
-5.057360086269113708e-09
-4.203613124253990918e-09
-2.594518377918575425e-09
-6.274293307129141795e-10
1.268436577994691561e-09
2.721028735663821863e-09
3.484155852717663038e-09
3.474139198544889950e-09
2.770296214649192734e-09
1.582778130782003245e-09
1.974562735540530412e-10
-1.088824586048531273e-09
-2.028712309254387947e-09
-2.468869109151228258e-09
-2.371236207387994455e-09
-1.809119520856938834e-09
-9.413905210919892852e-10
2.784361630148168842e-11
8.945856277975394732e-10
1.495736423606786047e-09
1.737624821807060016e-09
1.607799560154887786e-09
1.169396690592350296e-09
5.409549475032804366e-10
-1.328336329819990169e-10
-7.126766954357321993e-10
-1.092000156965866609e-09
-1.214991329767656225e-09
-1.082684830677749233e-09
-7.470720708724343240e-10
-2.956060951575523177e-10
1.698343687905889965e-10
5.547639014835681337e-10
7.902478671439894242e-10
8.441337628894984846e-10
7.238042387669452182e-10
4.707471079612446374e-10
1.488461576215627247e-10
-1.706338403906215717e-10
-4.240391371368446016e-10
-5.672960989855369007e-10
-5.827681670567130823e-10
-4.801392616826660742e-10
-2.917452945894183358e-10
-6.384159867423022661e-11
1.540400029753641320e-10
3.193254549671564746e-10
4.042172152551870568e-10
3.997763231566864306e-10
3.158241446143961184e-10
1.771024438212975838e-10
1.683242434324938586e-11
-1.307770558511833769e-10
-2.374703766960806206e-10
-2.860002235038905383e-10
-2.724770409301413565e-10
-2.058105907920548816e-10
-1.046487341227475554e-10
7.326805828711258073e-12
1.066393640059004611e-10
1.746928157686511440e-10
2.010024369170082537e-10
1.844805419537465241e-10
1.327146170737592001e-10
5.958222804025581354e-11
-1.815314565334347208e-11
-8.448453048259807474e-11
-1.272858485279471097e-10
-1.403498428587113267e-10
-1.240373359578939017e-10
-8.454870137342140879e-11
-3.209910115486991344e-11
2.152522604603746004e-11
6.548195319311389540e-11
9.194667249801113940e-11
9.737566308842815488e-11
8.278666641103882284e-11
5.309930273256213695e-11
1.576094810218364728e-11
-2.099564966329126037e-11
-4.987743551509993267e-11
-6.589573331439169124e-11
-6.713318789763889072e-11
-5.482003739842866707e-11
-3.277433879844693365e-11
-6.378342298773986840e-12
1.865385623744941768e-11
3.745193044579764319e-11
4.687994437091447253e-11
4.598910141595524692e-11
3.598976672236631202e-11
1.979227892690005319e-11
1.255995307758439594e-12
-1.567779239763922305e-11
-2.778255403512730481e-11
-3.312028429292013243e-11
-3.130018466634965080e-11
-2.340205806916628717e-11
-1.161337692678898748e-11
1.319055975557148486e-12
1.269451210816896491e-11
2.039346469473457546e-11
2.324385128815720236e-11
2.116040676014563360e-11
1.505329194628757250e-11
6.546096997794847994e-12
-2.419398015263141133e-12
-1.000444171950221062e-11
-1.483013711833791604e-11
-1.620725775808296021e-11
-1.420519257777641542e-11
-9.562239888794010767e-12
-3.471112286490551924e-12
2.705058399499193911e-12
7.722600336990126380e-12
1.069377919549197031e-11
1.122912873796622080e-11
9.465206396441772085e-12
5.984657214241906331e-12
1.655009462808720855e-12
-2.572497770358950220e-12
-5.862754726138064143e-12
-7.651546063414116361e-12
-7.731038031977277569e-12
-6.256439810670144652e-12
-3.678057858280681103e-12
-6.219469383950126939e-13
2.252975583871830167e-12
4.389710817065406445e-12
5.434763750145066297e-12
5.288436355499470665e-12
4.098943406916077947e-12
2.208677685189286422e-12
6.572520305780926719e-14
-1.876054867011589522e-12
-3.248290525448283006e-12
-3.833822148635590565e-12
-3.594013975316556753e-12
-2.659428233187099977e-12
-1.286526440935631399e-12
2.063904602778166009e-13
1.508682068163125223e-12
2.378985897166785435e-12
2.686517674987953797e-12
2.425837308805967041e-12
1.705968699639015540e-12
7.169820293029260938e-13
-3.166356066230946453e-13
-1.183275699645491841e-12
-1.726840892501968483e-12
-1.870725796493388771e-12
-1.626143664168466785e-12
-1.080802114472589892e-12
-3.738120923912902072e-13
3.372857548811225570e-13
9.098277686803157849e-13
1.243116720672787778e-12
1.294520046712932526e-12
1.081801315194752533e-12
6.739053759474700200e-13
1.720845688168992638e-13
-3.137490267590692383e-13
-6.883382752675970551e-13
-8.879563750952002010e-13
-8.899547765395254828e-13
-7.137623825315131398e-13
-4.124478536482456548e-13
-5.873079800267078099e-14
2.713385072183882585e-13
5.141442827039099939e-13
6.299405441723138210e-13
6.079581282847357215e-13
4.667377595524158096e-13
2.462474668618597207e-13
-1.554312234475219157e-15
-2.240430063693565899e-13
-3.794742298168785055e-13
-4.434230760352875222e-13
-4.123368313457831391e-13
-3.019806626980425790e-13
-1.423305917569450685e-13
2.986499936241671094e-14
1.787459069646502030e-13
2.770006446439765568e-13
3.100852907778062217e-13
2.778888230636766821e-13
1.932898285872397537e-13
7.849276784099856741e-14
-4.074518500374324503e-14
-1.397770788003072084e-13
-2.008393451546908182e-13
-2.159383782895929471e-13
-1.861844012296387518e-13
-1.222355550112297351e-13
-4.019007349143066676e-14
4.185540802836840157e-14
1.072475441787901218e-13
1.446620601086578972e-13
1.493249968120835547e-13
1.235678226407799229e-13
7.582823258189819171e-14
1.787459069646502030e-14
-3.785860513971783803e-14
-8.049116928532384918e-14
-1.026956297778269800e-13
-1.020294959630518861e-13
-8.093525849517391180e-14
-4.585221091701896512e-14
-5.107025913275720086e-15
3.264055692397960229e-14
6.017408793468348449e-14
7.271960811294775340e-14
6.961098364399731508e-14
5.273559366969493567e-14
2.720046410331633524e-14
-1.221245327087672194e-15
-2.653433028854124132e-14
-4.407585407761871465e-14
-5.095923683029468521e-14
-4.696243394164412166e-14
-3.419486915845482145e-14
-1.587618925213973853e-14
3.774758283725532237e-15
2.076117056049042731e-14
3.186340080674199271e-14
3.563815909046752495e-14
3.186340080674199271e-14
2.209343819004061515e-14
8.770761894538736669e-15
-4.996003610813204432e-15
-1.632027846198980114e-14
-2.320366121466577169e-14
-2.498001805406602216e-14
-2.142730437526552123e-14
-1.398881011027697241e-14
-4.440892098500626162e-15
4.996003610813204432e-15
1.254552017826426891e-14
1.676436767183986376e-14
1.720845688168992638e-14
1.409983241273948806e-14
8.548717289613705361e-15
1.665334536937734811e-15
-4.773959005888173124e-15
-9.658940314238861902e-15
-1.210143096841420629e-14
-1.176836406102665933e-14
-9.103828801926283631e-15
-4.996003610813204432e-15
-3.330669073875469621e-16
3.996802888650563546e-15
6.994405055138486205e-15
8.437694987151189707e-15
7.993605777301127091e-15
5.995204332975845318e-15
2.886579864025407005e-15
-4.440892098500626162e-16
-3.330669073875469621e-15
-5.107025913275720086e-15
-5.773159728050814010e-15
-5.107025913275720086e-15
-3.552713678800500929e-15
-1.443289932012703503e-15
7.771561172376095783e-16
2.664535259100375697e-15
3.774758283725532237e-15
3.996802888650563546e-15
3.552713678800500929e-15
2.442490654175344389e-15
1.110223024625156540e-15
-6.661338147750939243e-16
-1.998401444325281773e-15
-2.664535259100375697e-15
-2.664535259100375697e-15
-2.331468351712828735e-15
-1.554312234475219157e-15
-4.440892098500626162e-16
6.661338147750939243e-16
1.443289932012703503e-15
1.887379141862766119e-15
1.665334536937734811e-15
1.221245327087672194e-15
5.551115123125782702e-16
-1.110223024625156540e-16
-7.771561172376095783e-16
-1.221245327087672194e-15
-1.221245327087672194e-15
-1.110223024625156540e-15
-7.771561172376095783e-16
-4.440892098500626162e-16
0.000000000000000000e+00
3.330669073875469621e-16
5.551115123125782702e-16
7.771561172376095783e-16
5.551115123125782702e-16
3.330669073875469621e-16
1.110223024625156540e-16
-1.110223024625156540e-16
-3.330669073875469621e-16
-5.551115123125782702e-16
-5.551115123125782702e-16
-3.330669073875469621e-16
-1.110223024625156540e-16
0.000000000000000000e+00
1.110223024625156540e-16
2.220446049250313081e-16
2.220446049250313081e-16
2.220446049250313081e-16
2.220446049250313081e-16
2.220446049250313081e-16
2.220446049250313081e-16
2.220446049250313081e-16
2.220446049250313081e-16
2.220446049250313081e-16
2.220446049250313081e-16
2.220446049250313081e-16
2.220446049250313081e-16
2.220446049250313081e-16
2.220446049250313081e-16
2.220446049250313081e-16
2.220446049250313081e-16
2.220446049250313081e-16
2.220446049250313081e-16
2.220446049250313081e-16
2.220446049250313081e-16
2.220446049250313081e-16
2.220446049250313081e-16
2.220446049250313081e-16
2.220446049250313081e-16
2.220446049250313081e-16
2.220446049250313081e-16
2.220446049250313081e-16
2.220446049250313081e-16
2.220446049250313081e-16
2.220446049250313081e-16
2.220446049250313081e-16
2.220446049250313081e-16
2.220446049250313081e-16
2.220446049250313081e-16
2.220446049250313081e-16
2.220446049250313081e-16
2.220446049250313081e-16
2.220446049250313081e-16
2.220446049250313081e-16
2.220446049250313081e-16
2.220446049250313081e-16
2.220446049250313081e-16
2.220446049250313081e-16
2.220446049250313081e-16
2.220446049250313081e-16
2.220446049250313081e-16
2.220446049250313081e-16
2.220446049250313081e-16
2.220446049250313081e-16
2.220446049250313081e-16
2.220446049250313081e-16
2.220446049250313081e-16
2.220446049250313081e-16
2.220446049250313081e-16
2.220446049250313081e-16
2.220446049250313081e-16
2.220446049250313081e-16
2.220446049250313081e-16
2.220446049250313081e-16
2.220446049250313081e-16
2.220446049250313081e-16
2.220446049250313081e-16
2.220446049250313081e-16
2.220446049250313081e-16
2.220446049250313081e-16
2.220446049250313081e-16
2.220446049250313081e-16
2.220446049250313081e-16
2.220446049250313081e-16
2.220446049250313081e-16
2.220446049250313081e-16
2.220446049250313081e-16
2.220446049250313081e-16
2.220446049250313081e-16
2.220446049250313081e-16
2.220446049250313081e-16
2.220446049250313081e-16
2.220446049250313081e-16
2.220446049250313081e-16
2.220446049250313081e-16
2.220446049250313081e-16
2.220446049250313081e-16
2.220446049250313081e-16
2.220446049250313081e-16
2.220446049250313081e-16
2.220446049250313081e-16
2.220446049250313081e-16
2.220446049250313081e-16
2.220446049250313081e-16
2.220446049250313081e-16
2.220446049250313081e-16
2.220446049250313081e-16
2.220446049250313081e-16
2.220446049250313081e-16
2.220446049250313081e-16
2.220446049250313081e-16
2.220446049250313081e-16
2.220446049250313081e-16
2.220446049250313081e-16
2.220446049250313081e-16
2.220446049250313081e-16
2.220446049250313081e-16
2.220446049250313081e-16
2.220446049250313081e-16
2.220446049250313081e-16
2.220446049250313081e-16
2.220446049250313081e-16
2.220446049250313081e-16
2.220446049250313081e-16
2.220446049250313081e-16
2.220446049250313081e-16
2.220446049250313081e-16
2.220446049250313081e-16
2.220446049250313081e-16
2.220446049250313081e-16
2.220446049250313081e-16
2.220446049250313081e-16
2.220446049250313081e-16
2.220446049250313081e-16
2.220446049250313081e-16
2.220446049250313081e-16
2.220446049250313081e-16
2.220446049250313081e-16
2.220446049250313081e-16
2.220446049250313081e-16
2.220446049250313081e-16
2.220446049250313081e-16
2.220446049250313081e-16
2.220446049250313081e-16
2.220446049250313081e-16
2.220446049250313081e-16
2.220446049250313081e-16
2.220446049250313081e-16
2.220446049250313081e-16
2.220446049250313081e-16
2.220446049250313081e-16
2.220446049250313081e-16
2.220446049250313081e-16
2.220446049250313081e-16
2.220446049250313081e-16
2.220446049250313081e-16
2.220446049250313081e-16
2.220446049250313081e-16
2.220446049250313081e-16
2.220446049250313081e-16
2.220446049250313081e-16
2.220446049250313081e-16
2.220446049250313081e-16
2.220446049250313081e-16
2.220446049250313081e-16
2.220446049250313081e-16
2.220446049250313081e-16
2.220446049250313081e-16
2.220446049250313081e-16
2.220446049250313081e-16
2.220446049250313081e-16
2.220446049250313081e-16
2.220446049250313081e-16
2.220446049250313081e-16
2.220446049250313081e-16
2.220446049250313081e-16
2.220446049250313081e-16
2.220446049250313081e-16
2.220446049250313081e-16
2.220446049250313081e-16
2.220446049250313081e-16
2.220446049250313081e-16
2.220446049250313081e-16
2.220446049250313081e-16
2.220446049250313081e-16
2.220446049250313081e-16
2.220446049250313081e-16
2.220446049250313081e-16
2.220446049250313081e-16
2.220446049250313081e-16
2.220446049250313081e-16
2.220446049250313081e-16
2.220446049250313081e-16
2.220446049250313081e-16
2.220446049250313081e-16
2.220446049250313081e-16
2.220446049250313081e-16
2.220446049250313081e-16
2.220446049250313081e-16
2.220446049250313081e-16
2.220446049250313081e-16
2.220446049250313081e-16
2.220446049250313081e-16
2.220446049250313081e-16
2.220446049250313081e-16
2.220446049250313081e-16
2.220446049250313081e-16
2.220446049250313081e-16
2.220446049250313081e-16
2.220446049250313081e-16
2.220446049250313081e-16
2.220446049250313081e-16
2.220446049250313081e-16
2.220446049250313081e-16
2.220446049250313081e-16
2.220446049250313081e-16
2.220446049250313081e-16
2.220446049250313081e-16
2.220446049250313081e-16
2.220446049250313081e-16
2.220446049250313081e-16
2.220446049250313081e-16
2.220446049250313081e-16
2.220446049250313081e-16
2.220446049250313081e-16
2.220446049250313081e-16
2.220446049250313081e-16
2.220446049250313081e-16
2.220446049250313081e-16
2.220446049250313081e-16
2.220446049250313081e-16
2.220446049250313081e-16
2.220446049250313081e-16
2.220446049250313081e-16
2.220446049250313081e-16
2.220446049250313081e-16
2.220446049250313081e-16
2.220446049250313081e-16
2.220446049250313081e-16
2.220446049250313081e-16
2.220446049250313081e-16
2.220446049250313081e-16
2.220446049250313081e-16
2.220446049250313081e-16
2.220446049250313081e-16
2.220446049250313081e-16
2.220446049250313081e-16
2.220446049250313081e-16
2.220446049250313081e-16
2.220446049250313081e-16
2.220446049250313081e-16
2.220446049250313081e-16
2.220446049250313081e-16
2.220446049250313081e-16
2.220446049250313081e-16
2.220446049250313081e-16
2.220446049250313081e-16
2.220446049250313081e-16
2.220446049250313081e-16
2.220446049250313081e-16
2.220446049250313081e-16
2.220446049250313081e-16
2.220446049250313081e-16
2.220446049250313081e-16
2.220446049250313081e-16
2.220446049250313081e-16
2.220446049250313081e-16
2.220446049250313081e-16
2.220446049250313081e-16
2.220446049250313081e-16
2.220446049250313081e-16
2.220446049250313081e-16
2.220446049250313081e-16
2.220446049250313081e-16
2.220446049250313081e-16
2.220446049250313081e-16
2.220446049250313081e-16
2.220446049250313081e-16
2.220446049250313081e-16
2.220446049250313081e-16
2.220446049250313081e-16
2.220446049250313081e-16
2.220446049250313081e-16
2.220446049250313081e-16
2.220446049250313081e-16
2.220446049250313081e-16
2.220446049250313081e-16
2.220446049250313081e-16
2.220446049250313081e-16
2.220446049250313081e-16
2.220446049250313081e-16
2.220446049250313081e-16
2.220446049250313081e-16
2.220446049250313081e-16
2.220446049250313081e-16
2.220446049250313081e-16
2.220446049250313081e-16
2.220446049250313081e-16
2.220446049250313081e-16
2.220446049250313081e-16
2.220446049250313081e-16
2.220446049250313081e-16
2.220446049250313081e-16
2.220446049250313081e-16
2.220446049250313081e-16
2.220446049250313081e-16
2.220446049250313081e-16
2.220446049250313081e-16
2.220446049250313081e-16
2.220446049250313081e-16
2.220446049250313081e-16
2.220446049250313081e-16
2.220446049250313081e-16
2.220446049250313081e-16
2.220446049250313081e-16
2.220446049250313081e-16
2.220446049250313081e-16
2.220446049250313081e-16
2.220446049250313081e-16
2.220446049250313081e-16
2.220446049250313081e-16
2.220446049250313081e-16
2.220446049250313081e-16
2.220446049250313081e-16
2.220446049250313081e-16
2.220446049250313081e-16
2.220446049250313081e-16
2.220446049250313081e-16
2.220446049250313081e-16
2.220446049250313081e-16
2.220446049250313081e-16
2.220446049250313081e-16
