0.000000000000000000e+00
4.460947773363336921e+00
1.549436230993539709e+01
2.952424332980821831e+01
4.339287916869889727e+01
5.478834522619170855e+01
6.241765980017972026e+01
6.596213112525350653e+01
6.587892596656861599e+01
6.312239313877411462e+01
5.885323560801268883e+01
5.418803847805679652e+01
5.002120222448501607e+01
4.693073566836512356e+01
4.516216212440755129e+01
4.467302458113125141e+01
4.521473054861805707e+01
4.642816850882959301e+01
4.793329906808441621e+01
4.939907749097058343e+01
5.058693845596045691e+01
5.136731520508370608e+01
5.171337853284973107e+01
5.167896240490909321e+01
5.136852109892792839e+01
5.090628187767354973e+01
5.041003695375309945e+01
4.997282022451080508e+01
4.965353492242681455e+01
4.947580289571980217e+01
4.943309991682412630e+01
4.949767625564722096e+01
4.963076749028880386e+01
4.979202822079011526e+01
4.994678905195983987e+01
5.007046939496864013e+01
5.015013432876133948e+01
5.018367150611133098e+01
5.017734463682274537e+01
5.014255952045785136e+01
5.009259557436607935e+01
5.003986650893227761e+01
4.999403790940076675e+01
4.996109910442469015e+01
4.994329950549727215e+01
4.993973616632123225e+01
4.994732406009823222e+01
4.996188521055501752e+01
4.997914103004193720e+01
4.999546453694353687e+01
5.000832702468270696e+01
5.001644256843962211e+01
5.001966415957714673e+01
5.001871346889829084e+01
5.001483322235706908e+01
5.000944124374299093e+01
5.000384444645792570e+01
4.999904577657660809e+01
4.999565278058247486e+01
4.999387697594720947e+01
4.999360059693353264e+01
4.999448192542275393e+01
4.999607133000376535e+01
4.999791554435564933e+01
4.999963553547260631e+01
5.000097159135189884e+01
5.000179647220306123e+01
5.000210267057330782e+01
5.000197265303506811e+01
5.000154154473843704e+01
5.000096054849389304e+01
5.000036711634106723e+01
4.999986518581633987e+01
4.999951622653586725e+01
4.999933981478683620e+01
4.999932116912425073e+01
4.999942256390291817e+01
4.999959567860636866e+01
4.999979254456398792e+01
4.999997359476493841e+01
5.000011220141880841e+01
5.000019584148257223e+01
5.000022456631612044e+01
5.000020773390957629e+01
5.000016000858244070e+01
5.000009749692376460e+01
5.000003464045139623e+01
4.999998219622496265e+01
4.999994636615526389e+01
4.999992892505815689e+01
4.999992806686390168e+01
4.999993963923473217e+01
4.999995845638900960e+01
4.999997944705634723e+01
4.999999848546931247e+01
5.000001284651119704e+01
5.000002130518623034e+01
5.000002395571578262e+01
5.000002185363054252e+01
5.000001658747719802e+01
5.000000987107009820e+01
5.000000322016405363e+01
4.999999774654132523e+01
4.999999407402775375e+01
4.999999235908954631e+01
4.999999238540967639e+01
4.999999369721878395e+01
4.999999573870779557e+01
4.999999797428552739e+01
4.999999997423650200e+01
5.000000146020908431e+01
5.000000231322516697e+01
5.000000255256586712e+01
5.000000229666494533e+01
5.000000171731023357e+01
5.000000099666029740e+01
5.000000029364142762e+01
4.999999972299686846e+01
4.999999934726457695e+01
4.999999917969429220e+01
4.999999919477340171e+01
4.999999934260336687e+01
4.999999956368861120e+01
4.999999980152119861e+01
5.000000001139675732e+01
5.000000016494219324e+01
5.000000025069827814e+01
5.000000027168066907e+01
5.000000024111650987e+01
5.000000017755291992e+01
5.000000010033044617e+01
5.000000002609504435e+01
4.999999996667138191e+01
4.999999992830561979e+01
4.999999991205118022e+01
4.999999991493583451e+01
4.999999993150951383e+01
4.999999995541146092e+01
4.999999998068580709e+01
5.000000000268740763e+01
5.000000001853050691e+01
5.000000002712245362e+01
5.000000002888443618e+01
5.000000002528761911e+01
5.000000001833134888e+01
5.000000001006690553e+01
5.000000000223595009e+01
4.999999999605515910e+01
4.999999999214581692e+01
4.999999999058267974e+01
4.999999999102293913e+01
4.999999999287263108e+01
4.999999999545254070e+01
4.999999999813555718e+01
5.000000000043960569e+01
5.000000000207188577e+01
5.000000000292947533e+01
5.000000000306761194e+01
5.000000000264932964e+01
5.000000000188983051e+01
5.000000000100644115e+01
5.000000000018120971e+01
4.999999999953909935e+01
4.999999999914164306e+01
4.999999999899286962e+01
4.999999999905358550e+01
4.999999999925918104e+01
4.999999999953722352e+01
4.999999999982173904e+01
5.000000000006276935e+01
5.000000000023067059e+01
5.000000000031591441e+01
5.000000000032544278e+01
5.000000000027727509e+01
5.000000000019452528e+01
5.000000000010021495e+01
5.000000000001333689e+01
4.999999999994671640e+01
4.999999999990640021e+01
4.999999999989242383e+01
4.999999999990032507e+01
4.999999999992309085e+01
4.999999999995301181e+01
4.999999999998315303e+01
5.000000000000834177e+01
5.000000000002558664e+01
5.000000000003401368e+01
5.000000000003448974e+01
5.000000000002899014e+01
5.000000000001999467e+01
5.000000000000993339e+01
5.000000000000079581e+01
4.999999999999389644e+01
4.999999999998981792e+01
4.999999999998852473e+01
4.999999999998951239e+01
4.999999999999202771e+01
4.999999999999523936e+01
4.999999999999842970e+01
5.000000000000105871e+01
5.000000000000282796e+01
5.000000000000365930e+01
5.000000000000365219e+01
5.000000000000302691e+01
5.000000000000205347e+01
5.000000000000098055e+01
5.000000000000002132e+01
4.999999999999930367e+01
4.999999999999889155e+01
4.999999999999877787e+01
4.999999999999889866e+01
4.999999999999917577e+01
4.999999999999951683e+01
4.999999999999985789e+01
5.000000000000012790e+01
5.000000000000031264e+01
5.000000000000039080e+01
5.000000000000038369e+01
5.000000000000031264e+01
5.000000000000021316e+01
5.000000000000009948e+01
4.999999999999999289e+01
4.999999999999992184e+01
4.999999999999987921e+01
4.999999999999987210e+01
4.999999999999988631e+01
4.999999999999991473e+01
4.999999999999995026e+01
4.999999999999998579e+01
5.000000000000001421e+01
5.000000000000003553e+01
5.000000000000004263e+01
5.000000000000004263e+01
5.000000000000003553e+01
5.000000000000002132e+01
5.000000000000000711e+01
5.000000000000000000e+01
4.999999999999999289e+01
4.999999999999998579e+01
4.999999999999998579e+01
4.999999999999998579e+01
4.999999999999999289e+01
4.999999999999999289e+01
5.000000000000000000e+01
5.000000000000000000e+01
5.000000000000000711e+01
5.000000000000000711e+01
5.000000000000000711e+01
5.000000000000000000e+01
5.000000000000000000e+01
5.000000000000000000e+01
5.000000000000000000e+01
5.000000000000000000e+01
5.000000000000000000e+01
5.000000000000000000e+01
5.000000000000000000e+01
5.000000000000000000e+01
5.000000000000000000e+01
5.000000000000000000e+01
5.000000000000000000e+01
5.000000000000000000e+01
5.000000000000000000e+01
5.000000000000000000e+01
5.000000000000000000e+01
5.000000000000000000e+01
5.000000000000000000e+01
5.000000000000000000e+01
5.000000000000000000e+01
5.000000000000000000e+01
5.000000000000000000e+01
5.000000000000000000e+01
5.000000000000000000e+01
5.000000000000000000e+01
5.000000000000000000e+01
5.000000000000000000e+01
5.000000000000000000e+01
5.000000000000000000e+01
5.000000000000000000e+01
5.000000000000000000e+01
5.000000000000000000e+01
5.000000000000000000e+01
5.000000000000000000e+01
5.000000000000000000e+01
5.000000000000000000e+01
5.000000000000000000e+01
5.000000000000000000e+01
5.000000000000000000e+01
5.000000000000000000e+01
5.000000000000000000e+01
5.000000000000000000e+01
5.000000000000000000e+01
5.000000000000000000e+01
5.000000000000000000e+01
5.000000000000000000e+01
5.000000000000000000e+01
5.000000000000000000e+01
5.000000000000000000e+01
5.000000000000000000e+01
5.000000000000000000e+01
5.000000000000000000e+01
5.000000000000000000e+01
5.000000000000000000e+01
5.000000000000000000e+01
5.000000000000000000e+01
5.000000000000000000e+01
5.000000000000000000e+01
5.000000000000000000e+01
5.000000000000000000e+01
5.000000000000000000e+01
5.000000000000000000e+01
5.000000000000000000e+01
5.000000000000000000e+01
5.000000000000000000e+01
5.000000000000000000e+01
5.000000000000000000e+01
5.000000000000000000e+01
5.000000000000000000e+01
5.000000000000000000e+01
5.000000000000000000e+01
5.000000000000000000e+01
5.000000000000000000e+01
5.000000000000000000e+01
5.000000000000000000e+01
5.000000000000000000e+01
5.000000000000000000e+01
5.000000000000000000e+01
5.000000000000000000e+01
5.000000000000000000e+01
5.000000000000000000e+01
5.000000000000000000e+01
5.000000000000000000e+01
5.000000000000000000e+01
5.000000000000000000e+01
5.000000000000000000e+01
5.000000000000000000e+01
5.000000000000000000e+01
5.000000000000000000e+01
5.000000000000000000e+01
5.000000000000000000e+01
5.000000000000000000e+01
5.000000000000000000e+01
5.000000000000000000e+01
5.000000000000000000e+01
5.000000000000000000e+01
5.000000000000000000e+01
5.000000000000000000e+01
5.000000000000000000e+01
5.000000000000000000e+01
5.000000000000000000e+01
5.000000000000000000e+01
5.000000000000000000e+01
5.000000000000000000e+01
5.000000000000000000e+01
5.000000000000000000e+01
5.000000000000000000e+01
5.000000000000000000e+01
5.000000000000000000e+01
5.000000000000000000e+01
5.000000000000000000e+01
5.000000000000000000e+01
5.000000000000000000e+01
5.000000000000000000e+01
5.000000000000000000e+01
5.000000000000000000e+01
5.000000000000000000e+01
5.000000000000000000e+01
5.000000000000000000e+01
5.000000000000000000e+01
5.000000000000000000e+01
5.000000000000000000e+01
5.000000000000000000e+01
5.000000000000000000e+01
5.000000000000000000e+01
5.000000000000000000e+01
5.000000000000000000e+01
5.000000000000000000e+01
5.000000000000000000e+01
5.000000000000000000e+01
5.000000000000000000e+01
5.000000000000000000e+01
5.000000000000000000e+01
5.000000000000000000e+01
5.000000000000000000e+01
5.000000000000000000e+01
5.000000000000000000e+01
5.000000000000000000e+01
5.000000000000000000e+01
5.000000000000000000e+01
5.000000000000000000e+01
5.000000000000000000e+01
5.000000000000000000e+01
5.000000000000000000e+01
5.000000000000000000e+01
5.000000000000000000e+01
5.000000000000000000e+01
5.000000000000000000e+01
5.000000000000000000e+01
5.000000000000000000e+01
5.000000000000000000e+01
5.000000000000000000e+01
5.000000000000000000e+01
5.000000000000000000e+01
5.000000000000000000e+01
5.000000000000000000e+01
5.000000000000000000e+01
5.000000000000000000e+01
5.000000000000000000e+01
5.000000000000000000e+01
5.000000000000000000e+01
5.000000000000000000e+01
5.000000000000000000e+01
5.000000000000000000e+01
5.000000000000000000e+01
5.000000000000000000e+01
5.000000000000000000e+01
5.000000000000000000e+01
5.000000000000000000e+01
5.000000000000000000e+01
5.000000000000000000e+01
5.000000000000000000e+01
5.000000000000000000e+01
5.000000000000000000e+01
5.000000000000000000e+01
5.000000000000000000e+01
5.000000000000000000e+01
5.000000000000000000e+01
5.000000000000000000e+01
5.000000000000000000e+01
5.000000000000000000e+01
5.000000000000000000e+01
5.000000000000000000e+01
5.000000000000000000e+01
5.000000000000000000e+01
5.000000000000000000e+01
5.000000000000000000e+01
5.000000000000000000e+01
5.000000000000000000e+01
5.000000000000000000e+01
5.000000000000000000e+01
5.000000000000000000e+01
5.000000000000000000e+01
5.000000000000000000e+01
5.000000000000000000e+01
5.000000000000000000e+01
5.000000000000000000e+01
5.000000000000000000e+01
5.000000000000000000e+01
5.000000000000000000e+01
5.000000000000000000e+01
5.000000000000000000e+01
5.000000000000000000e+01
5.000000000000000000e+01
5.000000000000000000e+01
5.000000000000000000e+01
5.000000000000000000e+01
5.000000000000000000e+01
5.000000000000000000e+01
5.000000000000000000e+01
5.000000000000000000e+01
5.000000000000000000e+01
5.000000000000000000e+01
5.000000000000000000e+01
5.000000000000000000e+01
5.000000000000000000e+01
5.000000000000000000e+01
5.000000000000000000e+01
5.000000000000000000e+01
5.000000000000000000e+01
5.000000000000000000e+01
5.000000000000000000e+01
5.000000000000000000e+01
5.000000000000000000e+01
5.000000000000000000e+01
5.000000000000000000e+01
5.000000000000000000e+01
5.000000000000000000e+01
5.000000000000000000e+01
5.000000000000000000e+01
5.000000000000000000e+01
5.000000000000000000e+01
5.000000000000000000e+01
5.000000000000000000e+01
5.000000000000000000e+01
5.000000000000000000e+01
5.000000000000000000e+01
5.000000000000000000e+01
5.000000000000000000e+01
5.000000000000000000e+01
5.000000000000000000e+01
5.000000000000000000e+01
5.000000000000000000e+01
5.000000000000000000e+01
5.000000000000000000e+01
5.000000000000000000e+01
5.000000000000000000e+01
5.000000000000000000e+01
5.000000000000000000e+01
5.000000000000000000e+01
5.000000000000000000e+01
5.000000000000000000e+01
5.000000000000000000e+01
5.000000000000000000e+01
5.000000000000000000e+01
5.000000000000000000e+01
5.000000000000000000e+01
5.000000000000000000e+01
5.000000000000000000e+01
5.000000000000000000e+01
5.000000000000000000e+01
5.000000000000000000e+01
5.000000000000000000e+01
5.000000000000000000e+01
5.000000000000000000e+01
5.000000000000000000e+01
5.000000000000000000e+01
5.000000000000000000e+01
5.000000000000000000e+01
5.000000000000000000e+01
5.000000000000000000e+01
5.000000000000000000e+01
5.000000000000000000e+01
5.000000000000000000e+01
5.000000000000000000e+01
5.000000000000000000e+01
5.000000000000000000e+01
5.000000000000000000e+01
5.000000000000000000e+01
5.000000000000000000e+01
5.000000000000000000e+01
5.000000000000000000e+01
5.000000000000000000e+01
5.000000000000000000e+01
5.000000000000000000e+01
5.000000000000000000e+01
5.000000000000000000e+01
5.000000000000000000e+01
5.000000000000000000e+01
5.000000000000000000e+01
5.000000000000000000e+01
5.000000000000000000e+01
5.000000000000000000e+01
5.000000000000000000e+01
5.000000000000000000e+01
5.000000000000000000e+01
5.000000000000000000e+01
5.000000000000000000e+01
5.000000000000000000e+01
5.000000000000000000e+01
5.000000000000000000e+01
5.000000000000000000e+01
5.000000000000000000e+01
5.000000000000000000e+01
5.000000000000000000e+01
5.000000000000000000e+01
5.000000000000000000e+01
5.000000000000000000e+01
5.000000000000000000e+01
5.000000000000000000e+01
5.000000000000000000e+01
5.000000000000000000e+01
5.000000000000000000e+01
5.000000000000000000e+01
5.000000000000000000e+01
5.000000000000000000e+01
5.000000000000000000e+01
5.000000000000000000e+01
5.000000000000000000e+01
5.000000000000000000e+01
5.000000000000000000e+01
5.000000000000000000e+01
5.000000000000000000e+01
5.000000000000000000e+01
5.000000000000000000e+01
5.000000000000000000e+01
5.000000000000000000e+01
5.000000000000000000e+01
5.000000000000000000e+01
5.000000000000000000e+01
5.000000000000000000e+01
5.000000000000000000e+01
5.000000000000000000e+01
5.000000000000000000e+01
5.000000000000000000e+01
5.000000000000000000e+01
5.000000000000000000e+01
5.000000000000000000e+01
5.000000000000000000e+01
5.000000000000000000e+01
5.000000000000000000e+01
5.000000000000000000e+01
5.000000000000000000e+01
5.000000000000000000e+01
5.000000000000000000e+01
5.000000000000000000e+01
5.000000000000000000e+01
5.000000000000000000e+01
5.000000000000000000e+01
5.000000000000000000e+01
5.000000000000000000e+01
5.000000000000000000e+01
5.000000000000000000e+01
5.000000000000000000e+01
5.000000000000000000e+01
5.000000000000000000e+01
5.000000000000000000e+01
5.000000000000000000e+01
5.000000000000000000e+01
5.000000000000000000e+01
5.000000000000000000e+01
5.000000000000000000e+01
5.000000000000000000e+01
5.000000000000000000e+01
5.000000000000000000e+01
5.000000000000000000e+01
5.000000000000000000e+01
5.000000000000000000e+01
5.000000000000000000e+01
5.000000000000000000e+01
5.000000000000000000e+01
5.000000000000000000e+01
5.000000000000000000e+01
5.000000000000000000e+01
5.000000000000000000e+01
5.000000000000000000e+01
5.000000000000000000e+01
5.000000000000000000e+01
5.000000000000000000e+01
5.000000000000000000e+01
5.000000000000000000e+01
5.000000000000000000e+01
5.000000000000000000e+01
5.000000000000000000e+01
5.000000000000000000e+01
5.000000000000000000e+01
5.000000000000000000e+01
5.000000000000000000e+01
5.000000000000000000e+01
5.000000000000000000e+01
5.000000000000000000e+01
5.000000000000000000e+01
5.000000000000000000e+01
5.000000000000000000e+01
5.000000000000000000e+01
5.000000000000000000e+01
5.000000000000000000e+01
5.000000000000000000e+01
5.000000000000000000e+01
5.000000000000000000e+01
5.000000000000000000e+01
5.000000000000000000e+01
5.000000000000000000e+01
5.000000000000000000e+01
5.000000000000000000e+01
5.000000000000000000e+01
5.000000000000000000e+01
5.000000000000000000e+01
5.000000000000000000e+01
5.000000000000000000e+01
5.000000000000000000e+01
5.000000000000000000e+01
5.000000000000000000e+01
5.000000000000000000e+01
5.000000000000000000e+01
5.000000000000000000e+01
5.000000000000000000e+01
5.000000000000000000e+01
5.000000000000000000e+01
5.000000000000000000e+01
5.000000000000000000e+01
5.000000000000000000e+01
5.000000000000000000e+01
5.000000000000000000e+01
5.000000000000000000e+01
5.000000000000000000e+01
5.000000000000000000e+01
5.000000000000000000e+01
5.000000000000000000e+01
5.000000000000000000e+01
5.000000000000000000e+01
5.000000000000000000e+01
5.000000000000000000e+01
5.000000000000000000e+01
5.000000000000000000e+01
5.000000000000000000e+01
5.000000000000000000e+01
5.000000000000000000e+01
5.000000000000000000e+01
5.000000000000000000e+01
5.000000000000000000e+01
5.000000000000000000e+01
5.000000000000000000e+01
5.000000000000000000e+01
5.000000000000000000e+01
5.000000000000000000e+01
5.000000000000000000e+01
5.000000000000000000e+01
5.000000000000000000e+01
5.000000000000000000e+01
5.000000000000000000e+01
5.000000000000000000e+01
5.000000000000000000e+01
5.000000000000000000e+01
5.000000000000000000e+01
5.000000000000000000e+01
5.000000000000000000e+01
5.000000000000000000e+01
5.000000000000000000e+01
5.000000000000000000e+01
5.000000000000000000e+01
5.000000000000000000e+01
5.000000000000000000e+01
5.000000000000000000e+01
5.000000000000000000e+01
5.000000000000000000e+01
5.000000000000000000e+01
5.000000000000000000e+01
5.000000000000000000e+01
5.000000000000000000e+01
5.000000000000000000e+01
5.000000000000000000e+01
5.000000000000000000e+01
5.000000000000000000e+01
5.000000000000000000e+01
5.000000000000000000e+01
5.000000000000000000e+01
5.000000000000000000e+01
5.000000000000000000e+01
5.000000000000000000e+01
5.000000000000000000e+01
5.000000000000000000e+01
5.000000000000000000e+01
5.000000000000000000e+01
5.000000000000000000e+01
5.000000000000000000e+01
5.000000000000000000e+01
5.000000000000000000e+01
5.000000000000000000e+01
5.000000000000000000e+01
5.000000000000000000e+01
5.000000000000000000e+01
5.000000000000000000e+01
5.000000000000000000e+01
5.000000000000000000e+01
5.000000000000000000e+01
5.000000000000000000e+01
5.000000000000000000e+01
5.000000000000000000e+01
5.000000000000000000e+01
5.000000000000000000e+01
5.000000000000000000e+01
5.000000000000000000e+01
5.000000000000000000e+01
5.000000000000000000e+01
5.000000000000000000e+01
5.000000000000000000e+01
5.000000000000000000e+01
5.000000000000000000e+01
5.000000000000000000e+01
5.000000000000000000e+01
5.000000000000000000e+01
5.000000000000000000e+01
5.000000000000000000e+01
5.000000000000000000e+01
5.000000000000000000e+01
5.000000000000000000e+01
5.000000000000000000e+01
5.000000000000000000e+01
5.000000000000000000e+01
5.000000000000000000e+01
5.000000000000000000e+01
5.000000000000000000e+01
5.000000000000000000e+01
5.000000000000000000e+01
5.000000000000000000e+01
5.000000000000000000e+01
5.000000000000000000e+01
5.000000000000000000e+01
5.000000000000000000e+01
5.000000000000000000e+01
5.000000000000000000e+01
5.000000000000000000e+01
5.000000000000000000e+01
5.000000000000000000e+01
5.000000000000000000e+01
5.000000000000000000e+01
5.000000000000000000e+01
5.000000000000000000e+01
5.000000000000000000e+01
5.000000000000000000e+01
5.000000000000000000e+01
5.000000000000000000e+01
5.000000000000000000e+01
5.000000000000000000e+01
5.000000000000000000e+01
5.000000000000000000e+01
5.000000000000000000e+01
5.000000000000000000e+01
5.000000000000000000e+01
5.000000000000000000e+01
5.000000000000000000e+01
5.000000000000000000e+01
5.000000000000000000e+01
5.000000000000000000e+01
5.000000000000000000e+01
5.000000000000000000e+01
5.000000000000000000e+01
5.000000000000000000e+01
5.000000000000000000e+01
5.000000000000000000e+01
5.000000000000000000e+01
5.000000000000000000e+01
5.000000000000000000e+01
5.000000000000000000e+01
5.000000000000000000e+01
5.000000000000000000e+01
5.000000000000000000e+01
5.000000000000000000e+01
5.000000000000000000e+01
5.000000000000000000e+01
5.000000000000000000e+01
5.000000000000000000e+01
5.000000000000000000e+01
5.000000000000000000e+01
5.000000000000000000e+01
5.000000000000000000e+01
5.000000000000000000e+01
5.000000000000000000e+01
5.000000000000000000e+01
5.000000000000000000e+01
5.000000000000000000e+01
5.000000000000000000e+01
5.000000000000000000e+01
5.000000000000000000e+01
5.000000000000000000e+01
5.000000000000000000e+01
5.000000000000000000e+01
5.000000000000000000e+01
5.000000000000000000e+01
5.000000000000000000e+01
5.000000000000000000e+01
5.000000000000000000e+01
5.000000000000000000e+01
5.000000000000000000e+01
5.000000000000000000e+01
5.000000000000000000e+01
5.000000000000000000e+01
5.000000000000000000e+01
5.000000000000000000e+01
5.000000000000000000e+01
5.000000000000000000e+01
5.000000000000000000e+01
5.000000000000000000e+01
5.000000000000000000e+01
5.000000000000000000e+01
5.000000000000000000e+01
5.000000000000000000e+01
5.000000000000000000e+01
5.000000000000000000e+01
5.000000000000000000e+01
5.000000000000000000e+01
5.000000000000000000e+01
5.000000000000000000e+01
5.000000000000000000e+01
5.000000000000000000e+01
5.000000000000000000e+01
5.000000000000000000e+01
5.000000000000000000e+01
5.000000000000000000e+01
5.000000000000000000e+01
5.000000000000000000e+01
5.000000000000000000e+01
5.000000000000000000e+01
5.000000000000000000e+01
5.000000000000000000e+01
5.000000000000000000e+01
5.000000000000000000e+01
5.000000000000000000e+01
5.000000000000000000e+01
5.000000000000000000e+01
5.000000000000000000e+01
5.000000000000000000e+01
5.000000000000000000e+01
5.000000000000000000e+01
5.000000000000000000e+01
5.000000000000000000e+01
5.000000000000000000e+01
5.000000000000000000e+01
5.000000000000000000e+01
5.000000000000000000e+01
5.000000000000000000e+01
5.000000000000000000e+01
5.000000000000000000e+01
5.000000000000000000e+01
5.000000000000000000e+01
5.000000000000000000e+01
5.000000000000000000e+01
5.000000000000000000e+01
5.000000000000000000e+01
5.000000000000000000e+01
5.000000000000000000e+01
5.000000000000000000e+01
5.000000000000000000e+01
5.000000000000000000e+01
5.000000000000000000e+01
5.000000000000000000e+01
5.000000000000000000e+01
5.000000000000000000e+01
5.000000000000000000e+01
5.000000000000000000e+01
5.000000000000000000e+01
5.000000000000000000e+01
5.000000000000000000e+01
5.000000000000000000e+01
5.000000000000000000e+01
5.000000000000000000e+01
5.000000000000000000e+01
5.000000000000000000e+01
5.000000000000000000e+01
5.000000000000000000e+01
5.000000000000000000e+01
5.000000000000000000e+01
5.000000000000000000e+01
5.000000000000000000e+01
5.000000000000000000e+01
5.000000000000000000e+01
5.000000000000000000e+01
5.000000000000000000e+01
5.000000000000000000e+01
5.000000000000000000e+01
5.000000000000000000e+01
5.000000000000000000e+01
5.000000000000000000e+01
5.000000000000000000e+01
5.000000000000000000e+01
5.000000000000000000e+01
5.000000000000000000e+01
5.000000000000000000e+01
5.000000000000000000e+01
5.000000000000000000e+01
5.000000000000000000e+01
5.000000000000000000e+01
5.000000000000000000e+01
5.000000000000000000e+01
5.000000000000000000e+01
5.000000000000000000e+01
5.000000000000000000e+01
5.000000000000000000e+01
5.000000000000000000e+01
5.000000000000000000e+01
5.000000000000000000e+01
5.000000000000000000e+01
5.000000000000000000e+01
5.000000000000000000e+01
5.000000000000000000e+01
5.000000000000000000e+01
5.000000000000000000e+01
5.000000000000000000e+01
5.000000000000000000e+01
5.000000000000000000e+01
5.000000000000000000e+01
5.000000000000000000e+01
5.000000000000000000e+01
5.000000000000000000e+01
5.000000000000000000e+01
5.000000000000000000e+01
5.000000000000000000e+01
5.000000000000000000e+01
5.000000000000000000e+01
5.000000000000000000e+01
5.000000000000000000e+01
5.000000000000000000e+01
5.000000000000000000e+01
5.000000000000000000e+01
5.000000000000000000e+01
5.000000000000000000e+01
5.000000000000000000e+01
5.000000000000000000e+01
5.000000000000000000e+01
5.000000000000000000e+01
5.000000000000000000e+01
5.000000000000000000e+01
5.000000000000000000e+01
5.000000000000000000e+01
5.000000000000000000e+01
5.000000000000000000e+01
5.000000000000000000e+01
5.000000000000000000e+01
5.000000000000000000e+01
5.000000000000000000e+01
5.000000000000000000e+01
5.000000000000000000e+01
5.000000000000000000e+01
5.000000000000000000e+01
5.000000000000000000e+01
5.000000000000000000e+01
5.000000000000000000e+01
5.000000000000000000e+01
5.000000000000000000e+01
5.000000000000000000e+01
5.000000000000000000e+01
5.000000000000000000e+01
