1	-0,584637505793605	-3,29813864697411
2	-7,88156698569291	-11,4308899657999
3	-22,8948556014456	-17,9891187125981
4	-42,1681190006001	-19,5985418351698
5	-60,0902399387259	-15,3238082512872
6	-71,2188193498103	-6,33793049765287
7	-72,019727922729	4,86475594539353
8	-61,7206712579553	15,4054413403484
9	-42,2652078111502	22,8470675859987
10	-17,5709096604213	25,7406122292188
11	7,58775274630687	23,8269060917047
12	28,734824675955	17,9221125183848
13	42,61243026296	9,57890817798001
14	47,699644841234	0,644191113928533
15	44,287126197151	-7,16969448681644
16	34,1685457038589	-12,6110591456877
17	20,0793853795296	-15,0635046678452
18	5,04134238900454	-14,5619425135172
19	-8,24017602167168	-11,6768977733856
20	-17,8166671909051	-7,31525083969499
21	-22,7192436836049	-2,49257357140852
22	-22,9607259227005	1,87327408294532
23	-19,357517155057	5,11177219782493
24	-13,2382482602681	6,8752115218194
25	-6,11452217595346	7,14032954679763
26	0,61860796054168	6,15037170698599
27	5,90369786993786	4,32013762430789
28	9,1389568026675	2,1288653917306
29	10,1925142920114	0,0229519288153432
30	9,33117490458372	-1,65584844045913
31	7,09366370376189	-2,70901680553206
32	4,14218333256797	-3,08658236379809
33	1,122982543949	-2,86512610720091
34	-1,44137544402038	-2,20811016479512
35	-3,21575496385428	-1,31929695600172
36	-4,07030036818204	-0,398963201160437
37	-4,05900799207065	0,389963808394003
38	-3,37113252824964	0,942017631370244
39	-2,26971173512915	1,21498625985699
40	-1,03066572014793	1,22347457513429
41	0,107094415482686	1,02402235517444
42	0,974311152740175	0,696219360657281
43	1,48491219161411	0,323984105494408
44	1,63229787682516	-0,0197759651193919
45	1,47283488592726	-0,283209411903688
46	1,10223808576557	-0,439706839925191
47	0,630489075860378	-0,486810472724922
48	0,159930923984749	-0,441216961264984
49	-0,230410396780483	-0,331613902596581
50	-0,49298824421855	-0,191074008680245
51	-0,61267857057407	-0,0504177625318631
52	-0,601977799650864	0,0665320887402614
53	-0,492583227708377	0,145417855273087
54	-0,325621547359194	0,181631248916822
55	-0,142506246106917	0,178864898377396
56	0,022156677918035	0,146576814260872
57	0,144872425876314	0,0970525491650208
58	0,214677593188906	0,0426614358402153
59	0,232099600305789	-0,00626768237924306
60	0,20640201851668	-0,0427306624802461
61	0,151983090260906	-0,0634670685220497
62	0,0847384573940522	-0,068643219666987
63	0,0190166987068015	-0,0610247558745718
64	-0,0344515057630949	-0,0448992094967788
65	-0,0695250560157178	-0,024991115833322
66	-0,0846165874377398	-0,0055567555037993
67	-0,0818913639687323	0,0102289716969203
68	-0,0660170113728942	0,020557450882978
69	-0,0427825900396414	0,0249715931512556
70	-0,0178528486391768	0,0241245111328737
71	0,00416221974447998	0,019406237099063
72	0,0202386898557526	0,0125333130133824
73	0,0290749266312108	0,00518000685299096
74	0,0309031515984153	-0,00129584653142077
75	0,0270854209082904	-0,00600810602223897
76	0,0196139282416561	-0,008580474451347
77	0,0106233454208543	-0,00908889106893055
78	0,0019952320095676	-0,00794077834976099
79	-0,00490020028310099	-0,00572675825464599
80	-0,00931387012390493	-0,00307665352949265
81	-0,011095978820466	-0,000543261302340294
82	-0,0105777367546564	0,00147296370442983
83	-0,00839985204139903	0,00275529645068816
84	-0,00532968063302462	0,00326338962621799
85	-0,00210081732659491	0,00309772894775714
86	0,000703019601072166	0,00244871344459374
87	0,00271074221853992	0,00154271738256721
88	0,00377547307744841	0,000595032509677574
89	0,00394531427859748	-0,000223965321033012
90	0,00340810958586549	-0,0008068613017233
91	0,00242585426343204	-0,00111220074884601
92	0,00127238794703233	-0,00115556611612638
93	0,000184153458389391	-0,000993130229059916
94	-0,000670781682655008	-0,000702300897344042
95	-0,00120460541721363	-0,000363450194309214
96	-0,00140515495269913	-4,55701192288806e-005
97	-0,00131960425879647	0,000202660249381059
98	-0,00103205467450442	0,000356191634343008
99	-0,000640312155408295	0,000412105753218859
100	-0,000235989398150472	0,000384725665378395
101	0,000109499632566334	0,000298990375504218
102	0,000352110616764759	0,000183641353881858
103	0,000475953164217911	6,54239243834132e-005
104	0,000489111904231079	-3,49590319132852e-005
105	0,000416423690644905	-0,000104881195655069
106	0,000291178992051604	-0,000139960268450671
107	0,000147417907046508	-0,000142786035280149
108	1,39823726308092e-005	-0,000120776588503045
109	-8,9095848106836e-005	-8,3739768283135e-005
110	-0,00015183005878985	-4,16259026873749e-005
111	-0,000173508721723692	-2,80653448296172e-006
112	-0,000160542264063984	2,69574503075289e-005
113	-0,000123630716433657	4,48520155175984e-005
114	-7,4899055505702e-005	5,07639327506706e-005
115	-2,54940173679508e-005	4,66370448701126e-005
116	1,60632903674e-005	3,5637669564069e-005
117	4,46751570059508e-005	2,13176434813403e-005
118	5,86888270840492e-005	6,91762953876846e-006
119	5,9328954872977e-005	-5,10554184574672e-006
120	4,9782049310973e-005	-1,33023617953366e-005
121	3,41737767465111e-005	-1,72283203811188e-005
122	1,66389153660782e-005	-1,72717312319838e-005
123	6,18859992983537e-007	-1,4382733226956e-005
124	-1,1550252241268e-005	-9,77379278387623e-006
125	-1,87605741542274e-005	-4,64954723931306e-006
126	-2,10170884553557e-005	-4,59554010631052e-009
127	-1,91620567400348e-005	3,49321074967572e-006
128	-1,4525602730488e-005	5,53526845557971e-006
129	-8,57991055503603e-006	6,13578493289564e-006
130	-2,65477858635126e-006	5,54960520920599e-006
131	2,2523994076069e-006	4,1695420877061e-006
132	5,56334439502279e-006	2,42569245821875e-006
133	7,11313354944387e-006	7,03329731474112e-007
134	7,07581973150851e-006	-7,11292255994573e-007
135	5,85101876852524e-006	-1,65493462114874e-006
136	3,94035437998687e-006	-2,08457161329816e-006
137	1,83722030451803e-006	-2,05490072072224e-006
138	-5,47486271205442e-008	-1,68485599348658e-006
139	-1,46778718368046e-006	-1,12152878352878e-006
140	-2,28165310599262e-006	-5,08258921574437e-007
141	-2,50739108945942e-006	3,87250632880739e-008
142	-2,25287721745102e-006	4,43274494075879e-007
143	-1,68050591228618e-006	6,72275710146918e-007
144	-9,66143186009517e-007	7,30575657676112e-007
145	-2,65990715325148e-007	6,50731694469518e-007
146	3,04985974946752e-007	4,80609247420601e-007
147	6,82280900850106e-007	2,71465945335889e-007
148	8,50227391762247e-007	6,84219682404242e-008
149	8,32504337026275e-007	-9,56598735645204e-008
150	6,78336114360448e-007	-2,02694112605139e-007
151	4,47796830022446e-007	-2,48760442756709e-007
152	1,98933143854271e-007	-2,41242407697543e-007
153	-2,15637974634056e-008	-1,94761873628721e-007
154	-1,83439421478612e-007	-1,2689855487349e-007
155	-2,73905849384518e-007	-5,44740464474876e-008
156	-2,95455380928948e-007	9,10997401189219e-009
157	-2,61629383073346e-007	5,52905651027105e-008
158	-1,9196941764598e-007	8,05883118301143e-008
159	-1,07210350927642e-007	8,59294152659622e-008
160	-2,54700367408359e-008	7,53898016170873e-008
161	4,01669851919014e-008	5,47185974136528e-008
162	8,26099202909022e-008	2,99462621483827e-008
163	1,00466631126353e-007	6,29236549738241e-009
164	9,68565608468035e-008	-1,25164513497688e-008
165	7,77554271748601e-008	-2,45052907643393e-008
166	5,02692807886165e-008	-2,93481076144258e-008
167	2,11481814199106e-008	-2,80109820235159e-008
168	-4,26839936259065e-009	-2,22655297870934e-008
169	-2,26035668110405e-008	-1,41873044839962e-008
170	-3,25244099969236e-008	-5,72804108902236e-009
171	-3,4456582966048e-008	1,58417517216104e-009
172	-3,00723171012474e-008	6,79785681022568e-009
173	-2,16951909651331e-008	9,55516594013787e-009
174	-1,17434338391255e-008	1,00040553065218e-008
175	-2,29652947877468e-009	8,64647530989663e-009
176	5,1722823522592e-009	6,16481386556154e-009
177	9,89383479761393e-009	3,26101051179204e-009
178	1,17569933654919e-008	5,32687608528985e-010
179	1,11626415442303e-008	-1,60197935797499e-009
180	8,82745476918329e-009	-2,93021327507973e-009
181	5,58335607039222e-009	-3,42916202600433e-009
182	2,20766734700934e-009	-3,22223122989163e-009
183	-6,94923001559797e-010	-2,52152421175755e-009
184	-2,75155500853783e-009	-1,56958771121002e-009
185	-3,82617187600703e-009	-5,90685525215099e-010
186	-3,98320268990388e-009	2,42591661524165e-010
187	-3,42636381336992e-009	8,25604815115557e-010
188	-2,42917949347131e-009	1,1224078138603e-009
189	-1,27110185915429e-009	1,1545890903045e-009
190	-1,88679543987783e-010	9,83132437330735e-010
191	6,53761574228308e-010	6,88224721042924e-010
192	1,1738161703687e-009	3,508448595389e-010
193	1,36440855770084e-009	3,88182201825661e-011
194	1,27605415031227e-009	-2,01360299784756e-010
195	9,93828485864764e-010	-3,47057708653347e-010
196	6,14265836947539e-010	-3,97361240398081e-010
197	2,2611683832579e-010	-3,67711582147036e-010
198	-1,02702274781567e-010	-2,8321411517517e-010
199	-3,31414869671621e-010	-1,72006144957039e-010
200	-4,46458113606977e-010	-5,96326699068597e-011
201	-4,5694367729157e-010	3,45627976316563e-011
202	-3,87409648885874e-010	9,92002604995861e-011
203	-2,69768345999517e-010	1,30769716117175e-010
204	-1,36048070910349e-010	1,32251921689527e-010
205	-1,29476879131014e-011	1,1094977005943e-010
206	8,13513117130997e-011	7,62186239061779e-011
207	1,38125894120459e-010	3,73203310424639e-011
208	1,57214019418158e-010	1,90300178597198e-012
209	1,44873893109824e-010	-2,49192082034027e-011
210	1,1110515135675e-010	-4,07715035218969e-011
211	6,70218796123298e-011	-4,56127818715292e-011
212	2,28790691254283e-011	-4,15346452090855e-011
213	-1,40164785432889e-011	-3,15294503022718e-011
214	-3,92376935495666e-011	-1,86968993924864e-011
215	-5,14483594437119e-011	-5,92967362530272e-012
216	-5,18610290751511e-011	4,62095873571555e-012
217	-4,3386749787742e-011	1,17155129657407e-011
218	-2,97104242148431e-011	1,50358902577314e-011
219	-1,44547581744791e-011	1,49820604531746e-011
220	-5,97419988801623e-013	1,24032721283865e-011
221	9,8636688863603e-012	8,3720949087426e-012
222	1,60187056480397e-011	3,94380746207056e-012
223	1,79102749174409e-011	-3,39934051698193e-014
224	1,62906561411277e-011	-3,0114609657664e-012
225	1,23158159444993e-011	-4,72675083942699e-012
226	7,29365109180488e-012	-5,1371435989312e-012
227	2,33608744886541e-012	-4,64139310700689e-012
228	-1,76711993738625e-012	-3,4863589620355e-012
229	-4,53884231474522e-012	-2,03511116199691e-012
230	-5,84898211400756e-012	-6,09355886772731e-013
231	-5,8438200341921e-012	5,6472625947178e-013
232	-4,85138074609667e-012	1,35123788003256e-012
233	-3,28171793045961e-012	1,71799984563688e-012
234	-1,55413585445308e-012	1,67809599774869e-012
235	-8,99639876490262e-015	1,38563830503277e-012
236	1,15618611683815e-012	9,25405439531027e-013
237	1,83367670986873e-012	4,30627568113718e-013
238	2,03519010755323e-012	-1,46313926071084e-014
239	1,84166345064077e-012	-3,49757664822687e-013
240	1,38536482938413e-012	-5,4093164663067e-013
241	8,05586290395382e-013	-5,95406950698018e-013
242	2,36060994078989e-013	-5,26641731373701e-013
243	-2,25222665836665e-013	-3,89783914895876e-013
244	-5,35687108279018e-013	-2,29899861038669e-013
245	-6,87515182632033e-013	-7,55254487304655e-014
246	-6,90873927864532e-013	6,38046441320753e-014
247	-5,76017136758079e-013	1,57578072769782e-013
248	-3,9127478346545e-013	2,04275803624064e-013
249	-1,84160162231065e-013	2,02694577160959e-013
250	1,70564279550747e-015	1,64199553370877e-013
251	1,37959697115206e-013	1,07017820401092e-013
252	2,15785040764434e-013	4,94709486240086e-014
253	2,39744188575624e-013	2,14881741085259e-016
254	2,20773199933309e-013	-3,57187561682316e-014
255	1,73583509404395e-013	-5,61536869803934e-014
256	1,13199017871301e-013	-6,25071035126981e-014
257	5,24196255303676e-014	-5,74979459592282e-014
258	6,12664643821971e-016	-4,53898378903709e-014
259	-3,70803764615293e-014	-2,96132255567625e-014
260	-5,85712643327894e-014	-1,35313692821749e-014
261	-6,50081160147215e-014	9,16055452952138e-017
262	-5,97700187888696e-014	9,75563697382932e-015
263	-4,68917771953806e-014	1,52908507260835e-014
264	-3,05186474390082e-014	1,69041664544364e-014
265	-1,40811335845068e-014	1,55357119040142e-014
266	-2,07775680107924e-016	1,19453253020693e-014
267	9,55068659277638e-015	7,56867539888584e-015
268	1,50667342543138e-014	3,49706796971954e-015
269	1,67868039833358e-014	4,65273341530593e-017
270	1,54952459999124e-014	-2,46172734889212e-015
271	1,21422380056518e-014	-4,03556520300322e-015
272	7,82545239386883e-015	-4,45838321576183e-015
273	3,48586831817537e-015	-4,07921676906718e-015
274	-1,10344210335933e-016	-3,07089966630194e-015
275	-2,60945932521805e-015	-1,89846324289302e-015
276	-3,89444460097186e-015	-6,84476644090002e-016
277	-4,04716036621471e-015	2,96638363364516e-016
278	-3,44758559806155e-015	8,4823394196668e-016
279	-2,4817891631611e-015	1,03982739501467e-015
280	-1,45235263662025e-015	9,79575497422747e-016
281	-5,11420881949053e-016	9,04630679533188e-016
282	2,9364008458095e-016	6,85710505119768e-016
283	8,32265806354664e-016	3,84526806061657e-016
284	1,05953991685414e-015	7,37077712055538e-017
285	1,00332855490054e-015	-1,72277118054412e-016
286	7,46676104667087e-016	-3,25142583721986e-016
287	3,85243111804186e-016	-3,74352702151008e-016
288	3,81370905845398e-017	-3,11545265739874e-016
289	-2,2556933914677e-016	-2,1207208545579e-016
290	-3,82669934252985e-016	-1,02326961739957e-016
291	-4,34078861100421e-016	-3,61446792135446e-018
292	-3,98429707775181e-016	7,01517275083656e-017
293	-2,96444852841327e-016	1,31391270205913e-016
294	-1,48907826510803e-016	1,57559775219132e-016
295	7,31244002272289e-018	1,50110757877702e-016
296	1,43353835143427e-016	1,19015078243416e-016
297	2,33485992218541e-016	5,7436136258213e-017
298	2,60676566761153e-016	-1,09500673460045e-018
299	2,36539705520141e-016	-4,42842093695598e-017
300	1,78466657983065e-016	-6,87665897104192e-017
301	1,05110902223447e-016	-7,52266931548813e-017
302	3,28922361072566e-017	-6,72336452857884e-017
303	-2,62144259641279e-017	-4,98878611956206e-017
304	-6,55625442076477e-017	-2,85580191883413e-017
305	-8,35834291771418e-017	-7,89950366921598e-018
306	-8,27379031562276e-017	8,75180733187839e-018
307	-6,80548352656371e-017	1,96046103566685e-017
308	-4,56118148789618e-017	2,4316555770382e-017
309	-2,1231066834183e-017	2,3677221631109e-017
310	4,43572593321615e-019	1,91808724305788e-017
311	1,64304757868997e-017	1,25901262658091e-017
312	2,5486369319228e-017	5,5670139012374e-018
313	2,78674306591032e-017	-5,83340575470738e-019
314	2,48975016878916e-017	-5,04203293726525e-018
315	1,84667206420711e-017	-7,48960326652737e-018
316	1,05637680155535e-017	-8,03098467203374e-018
317	2,91249003032245e-018	-7,06778475894554e-018
318	-3,25239294700939e-018	-5,15323569101409e-018
319	-7,26840207997603e-018	-2,8589433720876e-018
320	-9,00967490470453e-018	-6,73018716103562e-019
321	-8,7693982116948e-018	1,06122834564831e-018
322	-7,10149048703276e-018	2,1661199564917e-018
323	-4,65898256416592e-018	2,61690796624403e-018
324	-2,05740922377933e-018	2,50637919982264e-018
325	2,20055901824155e-019	1,99865753629995e-018
326	1,87041423754594e-018	1,28284879108778e-018
327	2,77566511953803e-018	5,34444453639764e-019
328	2,97495022800744e-018	-1,10967594649923e-019
329	2,61721369621599e-018	-5,70405791084533e-019
330	1,90746577075233e-018	-8,13971019006186e-019
331	1,05743565983568e-018	-8,5618118268555e-019
332	2,47860714122262e-019	-7,42003504012103e-019
333	-3,94194388908909e-019	-5,31330496041039e-019
334	-8,03027006976563e-019	-2,84940006548243e-019
335	-9,69569932409731e-019	-5,39403218159963e-020
336	-9,28266797321571e-019	1,2640889322475e-019
337	-7,39953799467012e-019	2,38583115844442e-019
338	-4,74690114246634e-019	2,81177942505209e-019
339	-1,97467249858456e-019	2,64973581955389e-019
340	4,15202592727435e-020	2,07948334554401e-019
341	2,11570994210005e-019	1,30360373014301e-019
342	3,01645068144788e-019	5,07157032268029e-020
343	3,17148603191184e-019	-1,69221502249685e-020
344	2,74756786854349e-019	-6,41710946932682e-020
345	1,9666291301357e-019	-8,82833813740438e-020
346	1,0537908156704e-019	-9,11534820218107e-020
347	1,98290294264692e-020	-7,77941889999411e-020
348	-4,69376929455979e-020	-5,46775334887402e-020
349	-8,8441684259432e-020	-2,82573896703463e-020
350	-1,04173230680798e-019	-3,87771681518318e-021
351	-9,81331260182699e-020	1,4847936272639e-020
352	-7,69850306223411e-020	2,62022749241141e-020
353	-4,82338550171818e-020	3,01650013537069e-020
354	-1,8732906926656e-020	2,79768469534535e-020
355	6,31170419696039e-021	2,16022546262153e-020
356	2,37990203822268e-020	1,32082402575058e-020
357	3,27149593950003e-020	4,74378103331269e-021
358	3,37642284731048e-020	-2,33484114656716e-021
359	2,88055413902877e-020	-7,18387254195216e-021
360	2,0237022907946e-020	-9,55682779112151e-021
361	1,04491136299232e-020	-9,69171053897912e-021
362	1,42044378080133e-021	-8,14512622899528e-021
363	-5,51168643059016e-021	-5,6152215235235e-021
364	-9,71243858153245e-021	-2,78642467439087e-021
365	-1,11753960943759e-020	-2,16719077407129e-022
366	-1,03609323781038e-020	1,72441214181679e-021
367	-7,99712779042724e-021	2,86994844316943e-021
368	-4,88675548431016e-021	3,23128211423311e-021
369	-1,75155617338634e-021	2,95008504398848e-021
370	8,69397263522036e-022	2,24050557518871e-021
371	2,66398421976575e-021	1,33401961374652e-021
372	3,54129659695741e-021	4,3561804539984e-022
373	3,58980311946191e-021	-3,04161542606124e-022
374	3,01587184932482e-021	-8,00709942133534e-022
375	2,07818141251398e-021	-1,03264939387268e-021
376	1,03022848937715e-021	-1,02909249721977e-021
377	7,86026411673056e-023	-8,5162237498709e-022
378	-6,3996552268402e-022	-5,75422377872855e-022
379	-1,0637446333501e-021	-2,72981450697272e-022
380	-1,19707009188051e-021	-2,47654747417184e-024
381	-1,09250035646631e-021	1,98405237148563e-022
382	-8,29400940521926e-022	3,13563798250984e-022
383	-4,93519521473474e-022	3,45631613146756e-022
384	-1,60765543334216e-022	3,10675937412764e-022
385	1,1313867769023e-022	2,31990344163859e-022
386	2,96897505965902e-022	1,3426617549627e-022
387	3,82633870527219e-022	3,90357544210249e-023
388	3,81163569202953e-022	-3,81677888752276e-023
389	3,15317469983334e-022	-8,88960504142129e-023
390	2,1295158457581e-022	-1,11386164565992e-022
391	1,00913365998105e-022	-1,09129163642872e-022
392	7,41703705002664e-025	-8,89164494030544e-023
393	-7,36177680616951e-023	-5,88314010735427e-023
394	-1,16215738795522e-022	-2,65415351651346e-023
395	-1,2803941192559e-022	1,89645923471172e-024
396	-1,15048663603482e-022	2,26485978394973e-023
397	-8,58758979676617e-023	3,41794215196909e-023
398	-4,96674559014441e-023	3,69176836555116e-023
399	-1,43966504405582e-023	3,26749002338306e-023
400	1,41870917690634e-023	2,39795392855086e-023
401	3,2959162564482e-023	1,34618094676288e-023
402	4,12709532182944e-023	3,38046506766173e-024
403	4,04189185525072e-023	-4,66475406119237e-024
404	3,29206701752426e-023	-9,83426141982274e-024
405	2,17710519633103e-023	-1,19944304037284e-023
406	9,80976771399688e-024	-1,15574968593572e-023
407	-7,20889281553744e-025	-9,27017939070066e-024
408	-8,40229119979368e-024	-6,00020796209926e-024
409	-1,26672108530778e-023	-2,55756942926369e-024
410	-1,36757293097921e-023	4,28150621429092e-025
411	-1,20997120732982e-023	2,56801656383666e-024
412	-8,87614454965956e-024	3,71750635472425e-024
413	-4,97929655055716e-024	3,93777678243585e-024
414	-1,24554764042061e-024	3,43201547574256e-024
415	1,73300182584126e-024	2,47414390820146e-024
416	3,64587057115439e-024	1,34396477754301e-024
417	4,44402283794364e-024	2,78102989531352e-025
418	4,28050110550817e-024	-5,590145921435e-025
419	3,43209981468191e-024	-1,08439911926317e-024
420	2,22029627541632e-024	-1,28951151668831e-024
421	9,45064280375033e-025	-1,22243536194914e-024
422	-1,60520875650295e-025	-9,65046157993931e-025
423	-9,52557416238294e-025	-6,10351370846023e-025
424	-1,37767442805737e-024	-2,43806753499911e-025
425	-1,45865729892183e-024	6,92464526888312e-026
426	-1,2708569480525e-024	2,89474049042016e-025
427	-9,1577714553684e-025	4,03497233516002e-025
428	-4,97057913834584e-025	4,19444722162832e-025
429	-1,02314795780017e-025	3,60002645045393e-025
430	2,07596957323022e-025	2,54790901400381e-025
431	4,01991942782406e-025	1,33535572735036e-025
432	4,77755695548527e-025	2,09912147247306e-026
433	4,52734660206538e-025	-6,59774210382236e-026
434	3,5727666322316e-025	-1,19217601655756e-025
435	2,25837993557577e-025	-1,38417825963336e-025
436	9,00657312963735e-026	-1,29130357039985e-025
437	-2,58514180050627e-026	-1,00309590526189e-025
438	-1,07361329968682e-025	-6,19098377244144e-026
439	-1,49525473819292e-025	-2,29352553996854e-026
440	-1,55368607715302e-025	9,84385477961235e-027
441	-1,33302903415682e-025	3,24628352219252e-026
442	-9,43037849903487e-026	4,37097482353784e-026
443	-4,938157358729e-026	4,46184917331218e-026
444	-7,70188946004344e-027	3,77116175367252e-026
445	2,44938482953534e-026	2,6186302521548e-026
446	4,41916014957341e-026	1,31964891838899e-026
447	5,12810828960118e-026	1,32825209575194e-027
448	4,78226030645301e-026	-7,69251231367708e-027
449	3,71349916154413e-026	-1,30705688010151e-026
450	2,29058779387509e-026	-1,48354640687773e-026
451	8,46969760524089e-027	-1,36229400517252e-026
452	-3,66734532547792e-027	-1,04099599820509e-026
453	-1,20386012927361e-026	-6,26037548788398e-027
454	-1,61969671300139e-026	-2,12168840307963e-027
455	-1,65268463726383e-026	1,30579457364973e-027
456	-1,39635340338842e-026	3,6239300606506e-027
457	-9,69167131427292e-027	4,72613782209881e-027
458	-4,87941985525363e-027	4,74001122982429e-027
459	-4,84267986828684e-028	3,94500388418329e-027
460	2,85508734006161e-027	2,68563046821383e-027
461	4,84470280031329e-027	1,29608981984633e-027
462	5,49605757407615e-027	4,61584934721059e-029
463	5,04501778975204e-027	-8,87960683465895e-028
464	3,8536626389174e-027	-1,42934425557702e-027
465	2,31608884395526e-027	-1,58770964116421e-027
466	7,83166369678494e-028	-1,4353296526008e-027
467	-4,85878431237191e-028	-1,07855601042959e-027
468	-1,3437732475355e-027	-6,3092676502285e-028
469	-1,75123104819268e-027	-1,9201631769428e-028
470	-1,75566318309632e-027	1,65865727919426e-028
471	-1,46067512778681e-027	4,02899486387922e-028
472	-9,93914010130764e-028	5,10107050781394e-028
473	-4,79157141673311e-028	5,02891619434062e-028
474	-1,62853244479453e-029	4,12107438462878e-028
475	3,29498362517296e-028	2,74817066785731e-028
476	5,29766660066975e-028	1,26387191220063e-028
477	5,88175044496672e-028	-5,08075400301565e-030
478	5,31533269281823e-028	-1,01643540394397e-028
479	3,99255100729599e-028	-1,55934209801056e-028
480	2,33398595958747e-028	-1,69675066204777e-028
481	7,08360834269054e-029	-1,51031519814153e-028
482	-6,16673587897581e-029	-1,11556490096625e-028
483	-1,49383920573721e-028	-6,335050785658e-029
484	-1,89008291901279e-028	-1,68641387788828e-029
485	-1,86261493853279e-028	2,04502427498006e-029
486	-1,52581669198276e-028	4,46282057868989e-029
487	-1,01700460057001e-028	5,49636272585994e-029
488	-4,67162433478944e-029	5,32849582919626e-029
489	1,96719818987736e-030	4,29882892983889e-029
490	3,77104605053205e-029	2,80544619162866e-029
491	5,77917588489421e-029	1,22213431695429e-029
492	6,28549177722674e-029	-1,5882917516947e-030
493	5,59285082433573e-029	-1,1552256797666e-029
494	4,1293818402195e-029	-1,69735454834294e-029
495	2,34331229303991e-029	-1,81073952987006e-029
496	6,21613898248096e-030	-1,58713533111416e-029
497	-7,59879239638846e-030	-1,15178957794508e-029
498	-1,65455484764655e-029	-6,3349171469083e-030
499	-2,03647030974767e-029	-1,4177564117463e-030
500	-1,97351420184076e-029	2,46703201527362e-030
501	-1,59157617418394e-029	4,92677485817721e-030
502	-1,03814069570444e-029	5,91258004674929e-030
503	-4,51638963406006e-030	5,63862522586318e-030
504	5,97251728100555e-031	4,47765214407966e-030
505	4,28531148854015e-030	2,85658274414919e-030
506	6,29035556378702e-030	1,16995939858847e-030
507	6,70753954814194e-030	-2,78700266589643e-031
508	5,87714388148154e-030	-1,30489876692434e-030
509	4,26329102349232e-030	-1,84368456673457e-030
510	2,34302757245253e-030	-1,92973187465629e-030
511	5,21931479436442e-031	-1,66565294337788e-030
512	-9,16286352921548e-031	-1,18697339572867e-030
513	-1,82642623967158e-030	-6,30585044959537e-031
514	-2,19060218159473e-030	-1,11135358504437e-031
515	-2,0883142599214e-030	2,92690296046112e-031
516	-1,65772532682454e-030	5,42224702959044e-031
517	-1,05699829694168e-030	6,35025835888408e-031
518	-4,32246820027867e-031	5,95911677824401e-031
519	1,04168203998479e-031	4,65685213932375e-031
520	4,83987952950027e-031	2,90063227897396e-031
521	6,83232605684166e-031	1,10637034645148e-031
522	7,14809820050266e-031	-4,11252989027682e-032
523	6,16770277793405e-031	-1,46603827634865e-031
524	4,39332719064894e-031	-1,99863241216794e-031
525	2,33201430336515e-031	-2,05376696238629e-031
526	4,08262825143186e-032	-1,74570721782274e-031
527	-1,08671770648829e-031	-1,22083458461917e-031
528	-2,00996743435897e-031	-6,24461536570497e-032
529	-2,35267646845017e-031	-7,64210234337358e-033
530	-2,20694515567393e-031	3,42694544372205e-032
531	-1,72400755396032e-031	5,95064427538427e-032
532	-1,07322609080218e-031	6,80989796713746e-032
533	-4,08624183484022e-032	6,28971374061539e-032
534	1,53309211030347e-032	4,83565476699899e-032
535	5,43691019825355e-032	2,93656874107331e-032
536	7,40619765495676e-032	1,03032874528359e-032
537	7,60731147757652e-032	-5,57358499347137e-033
538	6,46393056397374e-032	-1,63924341368638e-032
539	4,51844590895587e-032	-2,16249395739537e-032
540	2,309073880581e-032	-2,18286561086421e-032
541	2,79498711775073e-033	-1,8271116025739e-032
542	-1,27202783873282e-032	-1,25306461245797e-032
543	-2,20569905349986e-032	-6,14774679393685e-033
544	-2,52287788972898e-032	-3,73168509655716e-034
545	-2,32931130156948e-032	3,9695531301923e-033
546	-1,79013578262239e-032	6,51338728821191e-033
547	-1,08644387294331e-032	7,29195716689952e-033
548	-3,80386426812626e-033	6,63008335127795e-033
549	2,07470753389169e-033	5,01319757610137e-033
550	6,07862112914586e-033	2,96328366980141e-033
551	8,01306427316311e-033	9,40732144145322e-034
552	8,08525470110158e-033	-7,17927497691949e-034
553	6,76513492351109e-033	-1,82512805939227e-033
554	4,63750361345026e-033	-2,33555882775706e-033
555	2,27292261767656e-033	-2,3170279471927e-033
556	1,34469701774574e-034	-1,90965166685266e-033
557	-1,47310284396669e-033	-1,28332647766879e-033
558	-2,41414667631217e-033	-6,0115389299061e-034
559	-2,70137556890323e-033	6,50966484579564e-036
560	-2,4552889324254e-033	4,55720402364843e-034
561	-1,85579022550258e-033	7,11190535845785e-034
562	-1,09624092060924e-033	7,79684526186106e-034
563	-3,4712521678122e-034	6,97980950274712e-034
564	2,66990021107823e-034	5,1885234710712e-034
565	6,76728414916596e-034	2,97958166618296e-034
566	8,65399655087637e-034	8,36411634660697e-035
567	8,58192646271293e-034	-8,93910673456163e-035
568	7,07052023304223e-034	-2,02431967475042e-034
569	4,74925128737496e-034	-2,51810835186258e-034
570	2,22218770269546e-034	-2,45623099864982e-034
571	-2,805552748319e-036	-1,99308283450564e-034
572	-1,69086000092413e-034	-1,31125293355565e-034
573	-2,63583901736645e-034	-5,83203416279581e-035
574	-2,88832044601332e-034	5,54081795142504e-036
575	-2,58472339028933e-034	5,19245897257575e-035
576	-1,9206160325333e-034	7,74763085067819e-035
577	-1,10217431493242e-034	8,32491499265468e-035
578	-3,08407618261756e-035	7,33838493915771e-035
579	3,32218998668935e-035	5,36057406343304e-035
580	7,50522121595939e-035	2,98417572941458e-035
581	9,33003425521895e-035	7,16129450714572e-036
582	9,097239698449e-035	-1,08629902062554e-035
583	7,379179167787e-035	-2,23745801855558e-035
584	4,85232788833602e-035	-2,71041331159e-035
585	2,15540308989532e-035	-2,60042610857278e-035
586	-2,09371766829941e-036	-2,07712799130789e-035
587	-1,92624721567222e-035	-1,33644464395899e-035
588	-2,87130587809732e-035	-5,60501182894315e-036
589	-3,08384247198097e-035	1,0974589835148e-036
590	-2,71742623428358e-035	5,87795962416428e-036
591	-1,98422082914879e-035	8,42199302302695e-036
592	-1,10376721490729e-035	8,87645434233452e-036
593	-2,63775206650819e-036	7,70520296146411e-036
594	4,0352458045099e-036	5,52818271189976e-036
595	8,29479965416339e-036	2,97568246864447e-036
596	1,00421779409603e-035	5,78576603058312e-037
597	9,63101211526679e-036	-1,29612400584555e-036
598	7,69008384061424e-036	-2,46519365827159e-036
599	4,94525352059118e-036	-2,9127314783127e-036
600	2,07100533885666e-036	-2,74953616867391e-036
601	-4,10838753013906e-037	-2,16147496226843e-036
602	-2,18024225986495e-036	-1,35846827069851e-036
603	-3,12107585489519e-036	-5,32597685704218e-037
604	-3,28804757213106e-036	1,69907943175211e-037
605	-2,85317216822653e-036	6,6164257713073e-037
606	-2,04617213927358e-036	9,13641114140024e-037
607	-1,10050708528954e-036	9,45167768356035e-037
608	-2,12743193323184e-037	8,07954862100367e-037
609	4,81288631552801e-037	5,69006724644608e-037
610	9,13842663012735e-037	2,95261719736886e-037
611	1,07913798186117e-036	4,22370563684912e-038
612	1,0182955937836e-036	-1,52445757130486e-037
613	8,0020764598164e-037	-2,70818625853912e-037
614	5,02642235508421e-037	-3,12530492171569e-037
615	1,96732941382027e-037	-2,90345265905415e-037
616	-6,33882521961428e-038	-2,24577385532107e-037
617	-2,45385178399475e-037	-1,37685449359269e-037
618	-3,38567378590448e-037	-4,99014834417909e-038
619	-3,50101436591776e-037	2,36297679919954e-038
620	-2,99169577884413e-037	7,41065203405389e-038
621	-2,10599469138342e-037	9,892286837631e-038
622	-1,09184388114679e-037	1,0050716231267e-037
623	-1,54799569627974e-038	8,46058938206472e-038
624	5,65907987360317e-038	5,84482237277647e-038
625	1,00385428015833e-037	2,91338891917418e-038
626	1,15785337801839e-037	2,46053016337335e-039
627	1,07526669432914e-037	-1,77241195319261e-038
628	8,31385949236937e-038	-2,96710262892707e-038
629	5,09409530017936e-038	-3,34835707701408e-038
630	1,84260445779824e-038	-3,06203248704051e-038
631	-8,79996616926589e-039	-2,32963426797242e-038
632	-2,74811008395417e-038	-1,39109596424467e-038
633	-3,66561791776685e-038	-4,59244810679619e-039
634	-3,72279062944905e-038	3,0933700110356e-039
635	-3,1326880774119e-038	8,26350381318979e-039
636	-2,16316760632456e-038	1,06909956586195e-038
637	-1,07718819230158e-038	1,06736077635543e-038
638	-8,94042754933998e-040	8,84736523427104e-039
639	6,57794384726959e-039	5,99091175465503e-039
640	1,09976150752127e-038	2,85629521506582e-039
641	1,2404464530084e-038	4,80876911169317e-041
642	1,1339612751111e-038	-2,04113929508945e-039
643	8,62398532001498e-039	-3,24261451181344e-039
644	5,14639242753219e-039	-3,58208955583746e-039
645	1,69494955781251e-039	-3,22509461585902e-039
646	-1,15074312912183e-039	-2,41262235370527e-039
647	-3,06407759782139e-039	-1,40064519522471e-039
648	-3,96141677264218e-039	-4,12748925592826e-040
649	-3,95338948701734e-039	3,89466556605093e-040
650	-3,27579283773214e-039	9,17791244968822e-040
651	-2,21712146596417e-039	1,15338777507954e-039
652	-1,05590935146828e-039	1,13202855725349e-039
653	-1,59883992998037e-041	9,23877823587219e-040
654	7,57374317120925e-040	6,12665977274051e-040
655	1,20181284013226e-039	2,77951704426548e-040
656	1,32699157665987e-039	-1,73141697133712e-041
657	1,1943120334865e-039	-2,33183103418631e-040
658	8,930845376345e-040	-3,53539609024288e-040
659	5,18128515916725e-040	-3,82667868549863e-040
660	1,52236951955877e-040	-3,39241647406816e-040
661	-1,44775354657896e-040	-2,49425774520308e-040
662	-3,40283910832778e-040	-1,40491238676471e-040
663	-4,27356569491894e-040	-3,58956485168868e-041
664	-4,19278531747538e-040	4,77145925683646e-041
665	-3,42060272345469e-040	1,01568695196843e-040
666	-2,26723526218098e-040	1,2422227621781e-040
667	-1,02733351049346e-040	1,19905666059389e-040
668	6,60465836867163e-042	9,63358146942582e-041
669	8,65088805549941e-041	6,25024295988871e-041
670	1,3102576530999e-040	2,68111347213777e-041
671	1,4175537357395e-040	-4,19333385182594e-042
672	1,25623627222626e-040	-2,64571703668792e-041
673	9,23265875405841e-041	-3,84612119454029e-041
674	5,19658822362953e-041	-4,08227176082631e-041
675	1,32275067188078e-041	-3,5637301366216e-041
676	-1,77272938504231e-041	-2,57401033177353e-041
677	-3,76550162495206e-041	-1,40326319361107e-041
678	-4,60254305609103e-041	-2,97263669801988e-042
679	-4,44090936095006e-041	5,72853722612892e-042
680	-3,56665519789725e-041	1,12034201903844e-041
681	-2,31283322619383e-041	1,33572829185715e-041
682	-9,90741689768248e-042	1,26841387594044e-041
683	1,57329526355009e-042	1,00303673918851e-041
684	9,8139307650502e-042	6,35968111435655e-042
685	1,4253451657155e-041	2,55901634082896e-042
686	1,51218714504736e-041	-6,92269349074e-043
687	1,31963448497197e-041	-2,98406445715128e-042
688	9,52746027272153e-042	-4,17546018536461e-042
689	5,18995139104673e-042	-4,34898299221179e-042
690	1,09385672367669e-042	-3,73871826840914e-042
691	-2,1274425726412e-042	-2,65129688870899e-042
692	-4,15319191801513e-042	-1,39501643526403e-042
693	-4,94880609533319e-042	-2,27032434518578e-043
694	-4,69764501106563e-042	6,77087627721602e-043
695	-3,71342820971732e-042	1,23206555579246e-042
696	-2,35318153877224e-042	1,4340212158973e-042
697	-9,45367806593754e-043	1,34005472785959e-042
698	2,58520269583987e-043	1,04275555617753e-042
699	1,10675613756972e-042	6,45282809397968e-043
700	1,54732328568361e-042	2,41102490027669e-043
701	1,61093374600583e-042	-9,93816917639682e-044
702	1,38438885375986e-042	-3,34817629482999e-043
703	9,81308799869808e-043	-4,5240764897666e-043
704	5,15885099909366e-043	-4,62688913300288e-043
705	8,33324698253285e-044	-3,91700982114341e-043
706	-2,51373555792398e-043	-2,7254775567348e-043
707	-4,56705367552238e-043	-1,37944175346523e-043
708	-5,31278637235452e-043	-1,4758943743897e-044
709	-4,96282277755742e-043	7,9036433501514e-044
710	-3,86033564803757e-043	1,3511703883648e-043
711	-2,38748492247992e-043	1,53721013504529e-043
712	-8,903966890497e-044	1,41391802295996e-043
713	3,70310237433817e-044	1,08233797269703e-043
714	1,24166024071965e-043	6,52736229620928e-044
715	1,67643732480006e-043	2,23480041948582e-044
716	1,71382158649891e-043	-1,32593018421737e-044
717	1,4503616552345e-043	-3,73938961834384e-044
718	1,00871702104466e-043	-4,89262276566972e-044
719	5,10058128420034e-044	-4,916024768879e-044
720	5,38660972702389e-045	-4,09817547452281e-044
721	-2,93352110855776e-044	-2,79585217016484e-044
722	-5,00824425181688e-044	-1,35575722148614e-044
723	-5,69488480815342e-044	-5,82250046272778e-046
724	-5,2362149039017e-044	9,13219406906492e-045
725	-4,00672256093347e-044	1,47797206405705e-044
726	-2,41488311777464e-044	1,64539394279726e-044
727	-8,24962082744829e-045	1,48992529954611e-044
728	4,93422957451276e-045	1,12158742575808e-044
729	1,38660022268861e-044	6,58077683089628e-045
730	1,81292857697561e-044	2,02786080037151e-045
731	1,82086307553441e-044	-1,69065118664238e-045
732	1,5173935721983e-044	-4,1590734281682e-045
733	1,03471118041224e-044	-5,28173666902839e-045
734	5,01224553490402e-045	-5,21637725136266e-045
735	2,07237452604016e-046	-4,28172281271266e-045
736	-3,38878176560409e-045	-2,86165643291416e-045
737	-5,47793097536934e-045	-1,32312691051955e-045
738	-6,09546628834055e-045	4,18078597096819e-047
739	-5,51752962437262e-045	1,04620702590684e-045
740	-4,15186013156351e-045	1,61278772769713e-045
741	-2,43444724553045e-045	1,75866024397959e-045
742	-7,48144658719334e-046	1,56797917562706e-045
743	6,28614494996972e-046	1,16028599096515e-045
744	1,542082711102e-045	6,61036939491586e-046
745	1,95703274907236e-045	1,78757521905497e-046
746	1,93205310612462e-045	-2,09011082315122e-046
747	1,58530190718464e-045	-4,60862612454044e-046
748	1,05900801363874e-045	-5,69203619673448e-046
749	4,89074708702433e-046	-5,52788125716956e-046
750	-1,63712084728965e-047	-4,46709122735226e-046
751	-3,88156891576832e-046	-2,92205794211386e-046
752	-5,97728698123901e-046	-1,28065841928959e-046
753	-6,51485380274422e-046	1,53294407877185e-047
754	-5,80640504476804e-046	1,18989963241453e-046
755	-4,29494040666293e-046	1,75593485990627e-046
756	-2,44517605936519e-046	1,8770836407718e-046
757	-6,58970031726872e-047	1,6479615909885e-046
758	7,76673789603313e-047	1,19819289067528e-046
759	1,70862518437579e-046	6,61323186014436e-047
760	2,10897823458213e-046	1,51115882226909e-047
761	2,04736703961378e-046	-2,52652946927469e-047
762	1,65387869480416e-046	-5,08947254640932e-047
763	1,08129903035391e-046	-6,12411457714469e-047
764	4,73278018335376e-047	-5,85041295467777e-047
765	-5,77095442153056e-048	-4,65364653851992e-047
766	-4,41400144138709e-047	-2,97615205973923e-047
767	-6,50748653189813e-047	-1,22740037387528e-047
768	-6,95332209406991e-047	2,77059017515232e-048
769	-6,10240263093015e-047	1,34488743699687e-047
770	-4,43507077263736e-047	1,90772986695852e-047
771	-2,44599209205328e-047	2,00072387856462e-047
772	-5,56406799150518e-048	1,72973193902132e-047
773	9,38422880423579e-048	1,23504293281662e-047
774	1,88675487264966e-047	6,58623958894941e-048
775	2,2689842197328e-047	1,1956675094985e-048
776	2,16675854452482e-047	-3,00221725809748e-048
777	1,72288870969745e-047	-5,60306054501046e-048
778	1,10124898585401e-047	-6,57853467889234e-048
779	4,53482072381563e-048	-6,1837837584107e-048
780	-1,03596521013968e-048	-4,84067532537862e-048
781	-4,98826390516213e-048	-3,022957633404e-048
782	-7,06969978822104e-048	-1,16233990569333e-048
783	-7,41109078745652e-048	4,13965982959678e-049
784	-6,4050002891285e-048	1,51177779478127e-048
785	-4,57126817509077e-048	2,06848651139426e-048
786	-2,43573770128522e-048	2,12962384380099e-048
787	-4,39364611906516e-049	1,81312508400122e-048
788	1,11471700683234e-048	1,270544879421e-048
789	2,07700748626658e-048	6,52604049424639e-049
790	2,43725861116135e-048	8,37992834652919e-050
791	2,29015728285579e-048	-3,51957398341847e-049
792	1,79206736703517e-048	-6,1508570535359e-049
793	1,11849429702781e-048	-7,05582290743116e-049
794	4,2931169355626e-049	-6,52773365208509e-049
795	-1,54352168666637e-049	-5,02737895858637e-049
796	-5,60660422376803e-049	-3,06141256829631e-049
797	-7,6650869905026e-049	-1,08440011660984e-049
798	-7,88831697186437e-049	5,64920216512443e-050
799	-6,71358502238229e-049	1,69119442875988e-049
800	-4,70245307830832e-049	2,2385141720141e-049
801	-2,41317102110741e-049	2,263807405709e-049
802	-3,06692289865322e-050	1,89794925953578e-049
803	1,30644456918481e-049	1,30437974413599e-049
804	2,27992575752822e-049	6,42904386432531e-050
805	2,61399577384223e-049	4,34857064460776e-051
806	2,41746643662925e-049	-4,08108858235685e-050
807	1,86111851264119e-049	-6,73434361218073e-050
808	1,13264140324398e-049	-7,55646255754019e-050
809	4,00367999628525e-050	-6,88192406048086e-050
810	-2,10311546275144e-050	-5,21286732699531e-050
811	-6,27133078145454e-050	-3,09036925314123e-050
812	-8,29479200739167e-050	-9,9243754125415e-051
813	-8,38508720334859e-050	7,30867845932402e-051
814	-7,02744514688019e-050	1,8837764879658e-050
815	-4,82744316199652e-050	2,41811592133469e-050
816	-2,37696182654347e-050	2,40327709360687e-050
817	-1,57175995574781e-051	1,98398384393913e-050
818	1,51452693363564e-050	1,33619901822067e-050
819	2,49605778064673e-050	6,29140897607809e-051
820	2,79937406750951e-050	-1,7191565616112e-053
821	2,54856006739012e-050	-4,68933815081024e-051
822	1,92971209997763e-050	-7,35501130559593e-051
823	1,14326507327497e-050	-8,08088658880443e-051
824	3,66227464808664e-051	-7,24593025015083e-051
825	-2,71824962290852e-051	-5,39615225168881e-051
826	-6,98480893163091e-051	-3,10858984407704e-051
827	-8,95993520860799e-051	-8,85239617792931e-052
828	-8,90140889942457e-051	9,12796693338944e-052
829	-7,34576205282058e-051	2,09017742559793e-051
830	-4,94494675346868e-051	2,60758640803374e-051
831	-2,32568732016799e-051	2,54801160124187e-051
832	1,04625185912766e-053	2,07097700836269e-051
833	1,73991806375581e-051	1,36562282479808e-051
834	2,72595513397939e-051	6,10903352397239e-052
835	2,99355316936164e-051	-5,21783353298272e-053
836	2,68328030125896e-051	-5,3469864418799e-052
837	1,9974817514259e-051	-8,01435506745687e-052
838	1,14990665970424e-051	-8,62946978987981e-052
839	3,26440984367006e-052	-7,61923323881303e-052
840	-3,39258150565012e-052	-5,5761405810241e-052
841	-7,7494568311583e-052	-3,11474141143357e-052
842	-9,66160561526084e-052	-7,61522179694748e-053
843	-9,43720109292713e-052	1,11173661953767e-052
844	-7,66760149424933e-052	2,31106368125623e-052
845	-5,05355599446032e-052	2,80720953134961e-052
846	-2,25782785078074e-052	2,6979631094209e-052
847	1,97567573310365e-053	2,15864323360566e-052
848	1,9836039604669e-052	1,39223800143834e-052
849	2,97017076777376e-052	5,87754189614313e-053
850	3,19667117039191e-052	-1,0827313404942e-053
851	2,82143433208395e-052	-6,05678179393096e-053
852	2,06402220152707e-052	-8,71386730447368e-053
853	1,15207230267182e-052	-9,20252029616104e-053
854	2,80532947129983e-053	-8,00121119316473e-053
855	-4,12992396479064e-053	-5,75162696106678e-053
856	-8,56774054868855e-053	-3,10739095560712e-053
857	-1,04008522795091e-052	-6,19926982378155e-054
858	-9,99228451301072e-053	1,3287597165307e-053
859	-7,9919043928271e-053	2,54711315049991e-053
860	-5,15173974287547e-053	3,01725589383371e-053
861	-2,17176257582067e-053	2,85305441800228e-053
862	4,05551117150339e-054	2,24666069165385e-053
863	2,24660189053647e-053	1,4155961114822e-053
864	3,22925663976921e-053	5,5922733333219e-054
865	3,4088414322477e-053	-1,70403518030965e-054
866	2,96279123519684e-053	-6,82155443135129e-054
867	2,12888662011186e-053	-9,45503078972668e-054
868	1,14923108526027e-053	-9,80027042430393e-054
869	2,28000321004311e-054	-8,39113029483379e-054
870	-4,93424606768081e-054	-5,92128627663186e-054
871	-9,44216838487236e-054	-3,08500029954564e-054
872	-1,11786748432029e-053	-4,59019280094214e-055
873	-1,05663709602429e-053	1,56498032966035e-054
874	-8,31747714092298e-054	2,79901342395755e-054
875	-5,2378362110099e-054	3,23798001828164e-054
876	-2,06576508077069e-054	3,01317587814871e-054
877	6,35894153696131e-055	2,33466848815297e-054
878	2,52995938254318e-054	1,43521138488779e-054
879	3,50376108009641e-054	5,24827001101783e-055
880	3,63014919109008e-054	-2,38988460236488e-055
881	3,10707858427037e-054	-7,64421307730803e-055
882	2,19158381355805e-054	-1,02393107727116e-054
883	1,14081314331198e-054	-1,04228667859177e-054
884	1,68311757220238e-055	-8,78813505425001e-055
885	-5,80967316164112e-055	-6,08366575909275e-055
886	-1,03752843386202e-054	-3,04592086679507e-055
887	-1,19960132230315e-054	-2,77285469952131e-056
888	-1,11590519421194e-054	1,82155488945341e-055
889	-8,64298139001687e-055	3,06745977720132e-055
890	-5,31004534318045e-055	3,46961731409631e-055
891	-1,93799897054323e-055	3,17818211559421e-055
892	8,90148019583105e-056	2,42226376221576e-055
893	2,8347529678266e-055	1,45055858979613e-055
894	3,79422586599195e-055	4,84026509041795e-056
895	3,86064789450547e-055	-3,14466241384173e-056
896	3,25397886380007e-055	-8,52774081387557e-056
897	2,25157530276385e-055	-1,106814625093e-055
898	1,12620773300139e-055	-1,10703596416462e-055
899	1,00906719561808e-056	-9,19123805238515e-056
900	-6,76048623474487e-056	-6,23717675819359e-056
901	-1,13696606498354e-055	-2,98838835562265e-056
902	-1,28537363675834e-055	-7,31308216584356e-058
903	-1,17697865347844e-055	2,09968153178118e-056
904	-8,96692331111033e-056	3,3531528915485e-056
905	-5,36642093721967e-056	3,71238077776274e-056
906	-1,78651344970918e-056	3,34788853555497e-056
907	1,16993549024758e-056	2,50899864019422e-056
908	3,16208664248363e-056	1,46107083646645e-056
909	4,10118298590162e-056	4,36267078891087e-057
910	4,100355257116e-056	-3,97294696851707e-057
911	3,40312566979595e-056	-9,47519012082137e-057
912	2,30827227682483e-056	-1,1942940345266e-056
913	1,10476126006594e-056	-1,17426914558107e-056
914	2,51946454676859e-058	-9,59930909058859e-057
915	-7,79112049172615e-057	-6,38008617631262e-057
916	-1,24278893451548e-056	-2,91051732143127e-057
917	-1,37526300296014e-056	1,55122686689398e-058
918	-1,23978884362902e-056	2,40059948342785e-057
919	-9,28764231470821e-057	3,65679628487214e-057
920	-5,40486251598374e-057	3,96645741154505e-057
921	-1,60923891044682e-057	3,52206759982035e-057
922	1,47695168829205e-057	2,59437704032297e-057
923	3,51309002495988e-057	1,46613731573324e-057
924	4,42515107158632e-057	3,80956652697349e-058
925	4,34924902014833e-057	-4,87951403058193e-058
926	3,55409969137321e-057	-1,04896770200864e-057
927	2,36103242185091e-057	-1,28650497187585e-057
928	1,07577527522825e-057	-1,24396846107988e-057
929	-5,94458534581187e-059	-1,00110637291452e-057
930	-8,9061630601484e-058	-6,51050756498399e-058
931	-1,35525727092328e-057	-2,81029568151923e-058
932	-1,46933834946147e-057	4,09238404530306e-059
933	-1,30425121763842e-057	2,72558818856373e-058
934	-9,6032992189518e-058	3,97909343039193e-058
935	-5,42310695687812e-058	4,23200434395257e-058
936	-1,40398254924953e-058	3,70044486649842e-058
937	1,81296476734165e-058	2,67785132546004e-058
938	3,88891618221139e-058	1,46510097468633e-058
939	4,76663147587043e-058	3,17468721441667e-059
940	4,60726239985621e-058	-5,86933795428714e-059
941	3,70642446608018e-058	-1,15743742485859e-058
942	2,40915662486482e-058	-1,38357729757137e-058
943	1,03850444102483e-058	-1,31610282394702e-058
944	-1,53667743288537e-059	-1,04250511957171e-058
945	-1,01103497360606e-058	-6,62639188500513e-059
946	-1,47463125999902e-058	-2,68557915823063e-059
947	-1,56765752050411e-058	6,91066892261773e-060
948	-1,37026384475868e-058	3,07596614995029e-059
949	-9,91186385567453e-059	4,32074454027578e-059
950	-5,41871988944193e-059	4,50914463496801e-059
951	-1,16842403574858e-059	3,8826947828651e-059
952	2,17981634213577e-059	2,75881880152216e-059
953	4,29073909577901e-059	1,45725613287628e-059
954	5,12610397268702e-059	2,45141174568312e-060
955	4,87427920935425e-059	-6,94759209438819e-060
956	3,85956190200109e-059	-1,27325033773853e-059
957	2,45188555328654e-059	-1,48563379754183e-059
958	9,92154475993502e-060	-1,39062641330161e-059
959	-2,58156262990303e-060	-1,08396416455159e-059
960	-1,14085606721863e-059	-6,7255179331467e-060
961	-1,60116985220303e-059	-2,53408567869023e-060
962	-1,67026572168084e-059	1,00254762580673e-060
963	-1,43770585222318e-059	3,45308945695949e-060
964	-1,02111021055259e-059	4,68244298971619e-060
965	-5,38908687325956e-060	4,79796274849017e-060
966	-9,00111259488629e-061	4,06843622178104e-060
967	2,57942163335145e-060	2,83661805963623e-060
968	4,71975073742561e-060	1,44184604300343e-060
969	5,50402205508111e-060	1,63275178104898e-061
970	5,15012863811336e-060	-8,11964835597512e-061
971	4,01290755992489e-060	-1,39673257905747e-060
972	2,48839611113494e-060	-1,59278879920155e-060
973	9,35880082968474e-061	-1,46747716809773e-060
974	-3,73629553250292e-061	-1,12530127558945e-060
975	-1,28058149052305e-060	-6,80548244035516e-061
976	-1,73512943681079e-060	-2,3533897516331e-061
977	-1,77719384235448e-060	1,34571049372418e-061
978	-1,50643577202035e-060	3,85834997066964e-061
979	-1,04985623548855e-060	5,06487135595319e-061
980	-5,33140437089904e-061	5,09849967391973e-061
981	-5,964561831451e-062	4,25722775220113e-061
982	3,01376929329046e-061	2,9105251605115e-061
983	5,17715772223555e-061	1,41806040076294e-061
984	5,90080780583387e-061	7,11340898221564e-063
985	5,43457967309766e-061	-9,39107578556102e-062
986	4,16578568918648e-061	-1,52821324322847e-061
987	2,51779777377226e-061	-1,70514666494058e-061
988	8,6878286908982e-062	-1,54657517995025e-061
989	-5,00839208312529e-062	-1,16631356390755e-061
990	-1,43072636121528e-061	-6,86368984840719e-062
991	-1,87676237341247e-061	-2,14091684433105e-062
992	-1,88845664814502e-061	1,72267705588027e-062
993	-1,57628978923291e-061	4,29317313440369e-062
994	-1,07715613690792e-061	5,46869704550205e-062
995	-5,2426705332232e-062	5,41074767831496e-062
996	-2,54730833503155e-063	4,44856263441216e-062
997	3,48492087607587e-062	2,97974966008359e-062
998	5,66417750526779e-062	1,3850328092942e-062
999	6,31684631437254e-062	-3,20575793029269e-064
1000	5,72733514529379e-062	-1,07676380982561e-062
